TABLE CRVTime  124111-124154
#  cid 302
# channel,timeOffset
0,0.000000
1,24.249500
2,0.000000
3,24.249500
4,0.000000
5,24.249500
6,0.000000
7,24.249500
8,0.000000
9,24.249500
10,0.000000
11,24.249500
12,0.000000
13,24.249500
14,0.000000
15,24.249500
16,0.000000
17,24.249500
18,0.000000
19,24.249500
20,0.000000
21,24.249500
22,0.000000
23,24.249500
24,0.000000
25,24.249500
26,0.000000
27,24.249500
28,0.000000
29,24.249500
30,0.000000
31,24.249500
32,-0.004333
33,25.189100
34,-0.004333
35,25.189100
36,-0.004333
37,25.189100
38,-0.004333
39,25.189100
40,-0.004333
41,25.189100
42,-0.004333
43,25.189100
44,-0.004333
45,25.189100
46,-0.004333
47,25.189100
48,-0.004333
49,25.189100
50,-0.004333
51,25.189100
52,-0.004333
53,25.189100
54,-0.004333
55,25.189100
56,-0.004333
57,25.189100
58,-0.004333
59,25.189100
60,-0.004333
61,25.189100
62,-0.004333
63,25.189100
64,1.120330
65,24.974500
66,1.120330
67,24.974500
68,1.120330
69,24.974500
70,1.120330
71,24.974500
72,1.120330
73,24.974500
74,1.120330
75,24.974500
76,1.120330
77,24.974500
78,1.120330
79,24.974500
80,1.120330
81,24.974500
82,1.120330
83,24.974500
84,1.120330
85,24.974500
86,1.120330
87,24.974500
88,1.120330
89,24.974500
90,1.120330
91,24.974500
92,1.120330
93,24.974500
94,1.120330
95,24.974500
96,1.836640
97,26.104800
98,1.836640
99,26.104800
100,1.836640
101,26.104800
102,1.836640
103,26.104800
104,1.836640
105,26.104800
106,1.836640
107,26.104800
108,1.836640
109,26.104800
110,1.836640
111,26.104800
112,1.836640
113,26.104800
114,1.836640
115,26.104800
116,1.836640
117,26.104800
118,1.836640
119,26.104800
120,1.836640
121,26.104800
122,1.836640
123,26.104800
124,1.836640
125,26.104800
126,1.836640
127,26.104800
128,-0.584527
129,23.336500
130,-0.584527
131,23.336500
132,-0.584527
133,23.336500
134,-0.584527
135,23.336500
136,-0.584527
137,23.336500
138,-0.584527
139,23.336500
140,-0.584527
141,23.336500
142,-0.584527
143,23.336500
144,-0.584527
145,23.336500
146,-0.584527
147,23.336500
148,-0.584527
149,23.336500
150,-0.584527
151,23.336500
152,-0.584527
153,23.336500
154,-0.584527
155,23.336500
156,-0.584527
157,23.336500
158,-0.584527
159,23.336500
160,0.410016
161,23.496900
162,0.410016
163,23.496900
164,0.410016
165,23.496900
166,0.410016
167,23.496900
168,0.410016
169,23.496900
170,0.410016
171,23.496900
172,0.410016
173,23.496900
174,0.410016
175,23.496900
176,0.410016
177,23.496900
178,0.410016
179,23.496900
180,0.410016
181,23.496900
182,0.410016
183,23.496900
184,0.410016
185,23.496900
186,0.410016
187,23.496900
188,0.410016
189,23.496900
190,0.410016
191,23.496900
192,0.933910
193,23.750600
194,0.933910
195,23.750600
196,0.933910
197,23.750600
198,0.933910
199,23.750600
200,0.933910
201,23.750600
202,0.933910
203,23.750600
204,0.933910
205,23.750600
206,0.933910
207,23.750600
208,0.933910
209,23.750600
210,0.933910
211,23.750600
212,0.933910
213,23.750600
214,0.933910
215,23.750600
216,0.933910
217,23.750600
218,0.933910
219,23.750600
220,0.933910
221,23.750600
222,0.933910
223,23.750600
224,1.862040
225,24.615200
226,1.862040
227,24.615200
228,1.862040
229,24.615200
230,1.862040
231,24.615200
232,1.862040
233,24.615200
234,1.862040
235,24.615200
236,1.862040
237,24.615200
238,1.862040
239,24.615200
240,1.862040
241,24.615200
242,1.862040
243,24.615200
244,1.862040
245,24.615200
246,1.862040
247,24.615200
248,1.862040
249,24.615200
250,1.862040
251,24.615200
252,1.862040
253,24.615200
254,1.862040
255,24.615200
256,110.033000
257,24.506100
258,110.033000
259,24.506100
260,110.033000
261,24.506100
262,110.033000
263,24.506100
264,110.033000
265,24.506100
266,110.033000
267,24.506100
268,110.033000
269,24.506100
270,110.033000
271,24.506100
272,110.033000
273,24.506100
274,110.033000
275,24.506100
276,110.033000
277,24.506100
278,110.033000
279,24.506100
280,110.033000
281,24.506100
282,110.033000
283,24.506100
284,110.033000
285,24.506100
286,110.033000
287,24.506100
288,110.220000
289,25.169500
290,110.220000
291,25.169500
292,110.220000
293,25.169500
294,110.220000
295,25.169500
296,110.220000
297,25.169500
298,110.220000
299,25.169500
300,110.220000
301,25.169500
302,110.220000
303,25.169500
304,110.220000
305,25.169500
306,110.220000
307,25.169500
308,110.220000
309,25.169500
310,110.220000
311,25.169500
312,110.220000
313,25.169500
314,110.220000
315,25.169500
316,110.220000
317,25.169500
318,110.220000
319,25.169500
320,111.031000
321,24.701500
322,111.031000
323,24.701500
324,111.031000
325,24.701500
326,111.031000
327,24.701500
328,111.031000
329,24.701500
330,111.031000
331,24.701500
332,111.031000
333,24.701500
334,111.031000
335,24.701500
336,111.031000
337,24.701500
338,111.031000
339,24.701500
340,111.031000
341,24.701500
342,111.031000
343,24.701500
344,111.031000
345,24.701500
346,111.031000
347,24.701500
348,111.031000
349,24.701500
350,111.031000
351,24.701500
352,112.138000
353,25.773300
354,112.138000
355,25.773300
356,112.138000
357,25.773300
358,112.138000
359,25.773300
360,112.138000
361,25.773300
362,112.138000
363,25.773300
364,112.138000
365,25.773300
366,112.138000
367,25.773300
368,112.138000
369,25.773300
370,112.138000
371,25.773300
372,112.138000
373,25.773300
374,112.138000
375,25.773300
376,112.138000
377,25.773300
378,112.138000
379,25.773300
380,112.138000
381,25.773300
382,112.138000
383,25.773300
384,-0.525496
385,12.349900
386,-0.525496
387,12.349900
388,-0.525496
389,12.349900
390,-0.525496
391,12.349900
392,-0.525496
393,12.349900
394,-0.525496
395,12.349900
396,-0.525496
397,12.349900
398,-0.525496
399,12.349900
400,-0.525496
401,12.349900
402,-0.525496
403,12.349900
404,-0.525496
405,12.349900
406,-0.525496
407,12.349900
408,-0.525496
409,12.349900
410,-0.525496
411,12.349900
412,-0.525496
413,12.349900
414,-0.525496
415,12.349900
416,-0.003788
417,12.803300
418,-0.003788
419,12.803300
420,-0.003788
421,12.803300
422,-0.003788
423,12.803300
424,-0.003788
425,12.803300
426,-0.003788
427,12.803300
428,-0.003788
429,12.803300
430,-0.003788
431,12.803300
432,-0.003788
433,12.803300
434,-0.003788
435,12.803300
436,-0.003788
437,12.803300
438,-0.003788
439,12.803300
440,-0.003788
441,12.803300
442,-0.003788
443,12.803300
444,-0.003788
445,12.803300
446,-0.003788
447,12.803300
448,0.858060
449,12.574500
450,0.858060
451,12.574500
452,0.858060
453,12.574500
454,0.858060
455,12.574500
456,0.858060
457,12.574500
458,0.858060
459,12.574500
460,0.858060
461,12.574500
462,0.858060
463,12.574500
464,0.858060
465,12.574500
466,0.858060
467,12.574500
468,0.858060
469,12.574500
470,0.858060
471,12.574500
472,0.858060
473,12.574500
474,0.858060
475,12.574500
476,0.858060
477,12.574500
478,0.858060
479,12.574500
480,1.621570
481,13.793600
482,1.621570
483,13.793600
484,1.621570
485,13.793600
486,1.621570
487,13.793600
488,1.621570
489,13.793600
490,1.621570
491,13.793600
492,1.621570
493,13.793600
494,1.621570
495,13.793600
496,1.621570
497,13.793600
498,1.621570
499,13.793600
500,1.621570
501,13.793600
502,1.621570
503,13.793600
504,1.621570
505,13.793600
506,1.621570
507,13.793600
508,1.621570
509,13.793600
510,1.621570
511,13.793600
512,7.561300
513,34.042500
514,7.561300
515,34.042500
516,7.561300
517,34.042500
518,7.561300
519,34.042500
520,7.561300
521,34.042500
522,7.561300
523,34.042500
524,7.561300
525,34.042500
526,7.561300
527,34.042500
528,7.561300
529,34.042500
530,7.561300
531,34.042500
532,7.561300
533,34.042500
534,7.561300
535,34.042500
536,7.561300
537,34.042500
538,7.561300
539,34.042500
540,7.561300
541,34.042500
542,7.561300
543,34.042500
544,7.735400
545,35.056400
546,7.735400
547,35.056400
548,7.735400
549,35.056400
550,7.735400
551,35.056400
552,7.735400
553,35.056400
554,7.735400
555,35.056400
556,7.735400
557,35.056400
558,7.735400
559,35.056400
560,7.735400
561,35.056400
562,7.735400
563,35.056400
564,7.735400
565,35.056400
566,7.735400
567,35.056400
568,7.735400
569,35.056400
570,7.735400
571,35.056400
572,7.735400
573,35.056400
574,7.735400
575,35.056400
576,8.271600
577,36.533300
578,8.271600
579,36.533300
580,8.271600
581,36.533300
582,8.271600
583,36.533300
584,8.271600
585,36.533300
586,8.271600
587,36.533300
588,8.271600
589,36.533300
590,8.271600
591,36.533300
592,8.271600
593,36.533300
594,8.271600
595,36.533300
596,8.271600
597,36.533300
598,8.271600
599,36.533300
600,8.271600
601,36.533300
602,8.271600
603,36.533300
604,8.271600
605,36.533300
606,8.271600
607,36.533300
608,8.821200
609,35.724500
610,8.821200
611,35.724500
612,8.821200
613,35.724500
614,8.821200
615,35.724500
616,8.821200
617,35.724500
618,8.821200
619,35.724500
620,8.821200
621,35.724500
622,8.821200
623,35.724500
624,8.821200
625,35.724500
626,8.821200
627,35.724500
628,8.821200
629,35.724500
630,8.821200
631,35.724500
632,8.821200
633,35.724500
634,8.821200
635,35.724500
636,8.821200
637,35.724500
638,8.821200
639,35.724500
640,-5.113370
641,20.173400
642,-5.113370
643,20.173400
644,-5.113370
645,20.173400
646,-5.113370
647,20.173400
648,-5.113370
649,20.173400
650,-5.113370
651,20.173400
652,-5.113370
653,20.173400
654,-5.113370
655,20.173400
656,-5.113370
657,20.173400
658,-5.113370
659,20.173400
660,-5.113370
661,20.173400
662,-5.113370
663,20.173400
664,-5.113370
665,20.173400
666,-5.113370
667,20.173400
668,-5.113370
669,20.173400
670,-5.113370
671,20.173400
672,-3.289510
673,21.028300
674,-3.289510
675,21.028300
676,-3.289510
677,21.028300
678,-3.289510
679,21.028300
680,-3.289510
681,21.028300
682,-3.289510
683,21.028300
684,-3.289510
685,21.028300
686,-3.289510
687,21.028300
688,-3.289510
689,21.028300
690,-3.289510
691,21.028300
692,-3.289510
693,21.028300
694,-3.289510
695,21.028300
696,-3.289510
697,21.028300
698,-3.289510
699,21.028300
700,-3.289510
701,21.028300
702,-3.289510
703,21.028300
704,-3.805040
705,21.572500
706,-3.805040
707,21.572500
708,-3.805040
709,21.572500
710,-3.805040
711,21.572500
712,-3.805040
713,21.572500
714,-3.805040
715,21.572500
716,-3.805040
717,21.572500
718,-3.805040
719,21.572500
720,-3.805040
721,21.572500
722,-3.805040
723,21.572500
724,-3.805040
725,21.572500
726,-3.805040
727,21.572500
728,-3.805040
729,21.572500
730,-3.805040
731,21.572500
732,-3.805040
733,21.572500
734,-3.805040
735,21.572500
736,-2.898700
737,22.448200
738,-2.898700
739,22.448200
740,-2.898700
741,22.448200
742,-2.898700
743,22.448200
744,-2.898700
745,22.448200
746,-2.898700
747,22.448200
748,-2.898700
749,22.448200
750,-2.898700
751,22.448200
752,-2.898700
753,22.448200
754,-2.898700
755,22.448200
756,-2.898700
757,22.448200
758,-2.898700
759,22.448200
760,-2.898700
761,22.448200
762,-2.898700
763,22.448200
764,-2.898700
765,22.448200
766,-2.898700
767,22.448200
768,-3.859870
769,20.607400
770,-3.859870
771,20.607400
772,-3.859870
773,20.607400
774,-3.859870
775,20.607400
776,-3.859870
777,20.607400
778,-3.859870
779,20.607400
780,-3.859870
781,20.607400
782,-3.859870
783,20.607400
784,-3.859870
785,20.607400
786,-3.859870
787,20.607400
788,-3.859870
789,20.607400
790,-3.859870
791,20.607400
792,-3.859870
793,20.607400
794,-3.859870
795,20.607400
796,-3.859870
797,20.607400
798,-3.859870
799,20.607400
800,-3.186280
801,21.800200
802,-3.186280
803,21.800200
804,-3.186280
805,21.800200
806,-3.186280
807,21.800200
808,-3.186280
809,21.800200
810,-3.186280
811,21.800200
812,-3.186280
813,21.800200
814,-3.186280
815,21.800200
816,-3.186280
817,21.800200
818,-3.186280
819,21.800200
820,-3.186280
821,21.800200
822,-3.186280
823,21.800200
824,-3.186280
825,21.800200
826,-3.186280
827,21.800200
828,-3.186280
829,21.800200
830,-3.186280
831,21.800200
832,-3.068550
833,22.457700
834,-3.068550
835,22.457700
836,-3.068550
837,22.457700
838,-3.068550
839,22.457700
840,-3.068550
841,22.457700
842,-3.068550
843,22.457700
844,-3.068550
845,22.457700
846,-3.068550
847,22.457700
848,-3.068550
849,22.457700
850,-3.068550
851,22.457700
852,-3.068550
853,22.457700
854,-3.068550
855,22.457700
856,-3.068550
857,22.457700
858,-3.068550
859,22.457700
860,-3.068550
861,22.457700
862,-3.068550
863,22.457700
864,-2.893200
865,22.542800
866,-2.893200
867,22.542800
868,-2.893200
869,22.542800
870,-2.893200
871,22.542800
872,-2.893200
873,22.542800
874,-2.893200
875,22.542800
876,-2.893200
877,22.542800
878,-2.893200
879,22.542800
880,-2.893200
881,22.542800
882,-2.893200
883,22.542800
884,-2.893200
885,22.542800
886,-2.893200
887,22.542800
888,-2.893200
889,22.542800
890,-2.893200
891,22.542800
892,-2.893200
893,22.542800
894,-2.893200
895,22.542800
896,8.543300
897,21.248500
898,8.543300
899,21.248500
900,8.543300
901,21.248500
902,8.543300
903,21.248500
904,8.543300
905,21.248500
906,8.543300
907,21.248500
908,8.543300
909,21.248500
910,8.543300
911,21.248500
912,8.543300
913,21.248500
914,8.543300
915,21.248500
916,8.543300
917,21.248500
918,8.543300
919,21.248500
920,8.543300
921,21.248500
922,8.543300
923,21.248500
924,8.543300
925,21.248500
926,8.543300
927,21.248500
928,9.180000
929,21.519400
930,9.180000
931,21.519400
932,9.180000
933,21.519400
934,9.180000
935,21.519400
936,9.180000
937,21.519400
938,9.180000
939,21.519400
940,9.180000
941,21.519400
942,9.180000
943,21.519400
944,9.180000
945,21.519400
946,9.180000
947,21.519400
948,9.180000
949,21.519400
950,9.180000
951,21.519400
952,9.180000
953,21.519400
954,9.180000
955,21.519400
956,9.180000
957,21.519400
958,9.180000
959,21.519400
960,10.598000
961,22.513300
962,10.598000
963,22.513300
964,10.598000
965,22.513300
966,10.598000
967,22.513300
968,10.598000
969,22.513300
970,10.598000
971,22.513300
972,10.598000
973,22.513300
974,10.598000
975,22.513300
976,10.598000
977,22.513300
978,10.598000
979,22.513300
980,10.598000
981,22.513300
982,10.598000
983,22.513300
984,10.598000
985,22.513300
986,10.598000
987,22.513300
988,10.598000
989,22.513300
990,10.598000
991,22.513300
992,10.160300
993,23.060400
994,10.160300
995,23.060400
996,10.160300
997,23.060400
998,10.160300
999,23.060400
1000,10.160300
1001,23.060400
1002,10.160300
1003,23.060400
1004,10.160300
1005,23.060400
1006,10.160300
1007,23.060400
1008,10.160300
1009,23.060400
1010,10.160300
1011,23.060400
1012,10.160300
1013,23.060400
1014,10.160300
1015,23.060400
1016,10.160300
1017,23.060400
1018,10.160300
1019,23.060400
1020,10.160300
1021,23.060400
1022,10.160300
1023,23.060400
1024,0.000000
1025,35.344000
1026,0.000000
1027,35.344000
1028,0.000000
1029,35.344000
1030,0.000000
1031,35.344000
1032,0.000000
1033,35.344000
1034,0.000000
1035,35.344000
1036,0.000000
1037,35.344000
1038,0.000000
1039,35.344000
1040,0.000000
1041,35.344000
1042,0.000000
1043,35.344000
1044,0.000000
1045,35.344000
1046,0.000000
1047,35.344000
1048,0.000000
1049,35.344000
1050,0.000000
1051,35.344000
1052,0.000000
1053,35.344000
1054,0.000000
1055,35.344000
1056,0.000000
1057,36.742420
1058,0.000000
1059,36.742420
1060,0.000000
1061,36.742420
1062,0.000000
1063,36.742420
1064,0.000000
1065,36.742420
1066,0.000000
1067,36.742420
1068,0.000000
1069,36.742420
1070,0.000000
1071,36.742420
1072,0.000000
1073,36.742420
1074,0.000000
1075,36.742420
1076,0.000000
1077,36.742420
1078,0.000000
1079,36.742420
1080,0.000000
1081,36.742420
1082,0.000000
1083,36.742420
1084,0.000000
1085,36.742420
1086,0.000000
1087,36.742420
1088,0.000000
1089,36.905050
1090,0.000000
1091,36.905050
1092,0.000000
1093,36.905050
1094,0.000000
1095,36.905050
1096,0.000000
1097,36.905050
1098,0.000000
1099,36.905050
1100,0.000000
1101,36.905050
1102,0.000000
1103,36.905050
1104,0.000000
1105,36.905050
1106,0.000000
1107,36.905050
1108,0.000000
1109,36.905050
1110,0.000000
1111,36.905050
1112,0.000000
1113,36.905050
1114,0.000000
1115,36.905050
1116,0.000000
1117,36.905050
1118,0.000000
1119,36.905050
1120,0.000000
1121,37.505850
1122,0.000000
1123,37.505850
1124,0.000000
1125,37.505850
1126,0.000000
1127,37.505850
1128,0.000000
1129,37.505850
1130,0.000000
1131,37.505850
1132,0.000000
1133,37.505850
1134,0.000000
1135,37.505850
1136,0.000000
1137,37.505850
1138,0.000000
1139,37.505850
1140,0.000000
1141,37.505850
1142,0.000000
1143,37.505850
1144,0.000000
1145,37.505850
1146,0.000000
1147,37.505850
1148,0.000000
1149,37.505850
1150,0.000000
1151,37.505850
1152,0.000000
1153,35.424780
1154,0.000000
1155,35.424780
1156,0.000000
1157,35.424780
1158,0.000000
1159,35.424780
1160,0.000000
1161,35.424780
1162,0.000000
1163,35.424780
1164,0.000000
1165,35.424780
1166,0.000000
1167,35.424780
1168,0.000000
1169,35.424780
1170,0.000000
1171,35.424780
1172,0.000000
1173,35.424780
1174,0.000000
1175,35.424780
1176,0.000000
1177,35.424780
1178,0.000000
1179,35.424780
1180,0.000000
1181,35.424780
1182,0.000000
1183,35.424780
1184,0.000000
1185,35.531150
1186,0.000000
1187,35.531150
1188,0.000000
1189,35.531150
1190,0.000000
1191,35.531150
1192,0.000000
1193,35.531150
1194,0.000000
1195,35.531150
1196,0.000000
1197,35.531150
1198,0.000000
1199,35.531150
1200,0.000000
1201,35.531150
1202,0.000000
1203,35.531150
1204,0.000000
1205,35.531150
1206,0.000000
1207,35.531150
1208,0.000000
1209,35.531150
1210,0.000000
1211,35.531150
1212,0.000000
1213,35.531150
1214,0.000000
1215,35.531150
1216,0.000000
1217,36.271900
1218,0.000000
1219,36.271900
1220,0.000000
1221,36.271900
1222,0.000000
1223,36.271900
1224,0.000000
1225,36.271900
1226,0.000000
1227,36.271900
1228,0.000000
1229,36.271900
1230,0.000000
1231,36.271900
1232,0.000000
1233,36.271900
1234,0.000000
1235,36.271900
1236,0.000000
1237,36.271900
1238,0.000000
1239,36.271900
1240,0.000000
1241,36.271900
1242,0.000000
1243,36.271900
1244,0.000000
1245,36.271900
1246,0.000000
1247,36.271900
1248,0.000000
1249,36.146660
1250,0.000000
1251,36.146660
1252,0.000000
1253,36.146660
1254,0.000000
1255,36.146660
1256,0.000000
1257,36.146660
1258,0.000000
1259,36.146660
1260,0.000000
1261,36.146660
1262,0.000000
1263,36.146660
1264,0.000000
1265,36.146660
1266,0.000000
1267,36.146660
1268,0.000000
1269,36.146660
1270,0.000000
1271,36.146660
1272,0.000000
1273,36.146660
1274,0.000000
1275,36.146660
1276,0.000000
1277,36.146660
1278,0.000000
1279,36.146660
1280,0.000000
1281,24.700600
1282,0.000000
1283,24.700600
1284,0.000000
1285,24.700600
1286,0.000000
1287,24.700600
1288,0.000000
1289,24.700600
1290,0.000000
1291,24.700600
1292,0.000000
1293,24.700600
1294,0.000000
1295,24.700600
1296,0.000000
1297,24.700600
1298,0.000000
1299,24.700600
1300,0.000000
1301,24.700600
1302,0.000000
1303,24.700600
1304,0.000000
1305,24.700600
1306,0.000000
1307,24.700600
1308,0.000000
1309,24.700600
1310,0.000000
1311,24.700600
1312,0.000000
1313,23.946100
1314,0.000000
1315,23.946100
1316,0.000000
1317,23.946100
1318,0.000000
1319,23.946100
1320,0.000000
1321,23.946100
1322,0.000000
1323,23.946100
1324,0.000000
1325,23.946100
1326,0.000000
1327,23.946100
1328,0.000000
1329,23.946100
1330,0.000000
1331,23.946100
1332,0.000000
1333,23.946100
1334,0.000000
1335,23.946100
1336,0.000000
1337,23.946100
1338,0.000000
1339,23.946100
1340,0.000000
1341,23.946100
1342,0.000000
1343,23.946100
1344,0.000000
1345,25.251200
1346,0.000000
1347,25.251200
1348,0.000000
1349,25.251200
1350,0.000000
1351,25.251200
1352,0.000000
1353,25.251200
1354,0.000000
1355,25.251200
1356,0.000000
1357,25.251200
1358,0.000000
1359,25.251200
1360,0.000000
1361,25.251200
1362,0.000000
1363,25.251200
1364,0.000000
1365,25.251200
1366,0.000000
1367,25.251200
1368,0.000000
1369,25.251200
1370,0.000000
1371,25.251200
1372,0.000000
1373,25.251200
1374,0.000000
1375,25.251200
1376,0.000000
1377,24.746900
1378,0.000000
1379,24.746900
1380,0.000000
1381,24.746900
1382,0.000000
1383,24.746900
1384,0.000000
1385,24.746900
1386,0.000000
1387,24.746900
1388,0.000000
1389,24.746900
1390,0.000000
1391,24.746900
1392,0.000000
1393,24.746900
1394,0.000000
1395,24.746900
1396,0.000000
1397,24.746900
1398,0.000000
1399,24.746900
1400,0.000000
1401,24.746900
1402,0.000000
1403,24.746900
1404,0.000000
1405,24.746900
1406,0.000000
1407,24.746900
1408,0.000000
1409,38.634300
1410,0.000000
1411,38.634300
1412,0.000000
1413,38.634300
1414,0.000000
1415,38.634300
1416,0.000000
1417,38.634300
1418,0.000000
1419,38.634300
1420,0.000000
1421,38.634300
1422,0.000000
1423,38.634300
1424,0.000000
1425,38.634300
1426,0.000000
1427,38.634300
1428,0.000000
1429,38.634300
1430,0.000000
1431,38.634300
1432,0.000000
1433,38.634300
1434,0.000000
1435,38.634300
1436,0.000000
1437,38.634300
1438,0.000000
1439,38.634300
1440,0.000000
1441,38.870800
1442,0.000000
1443,38.870800
1444,0.000000
1445,38.870800
1446,0.000000
1447,38.870800
1448,0.000000
1449,38.870800
1450,0.000000
1451,38.870800
1452,0.000000
1453,38.870800
1454,0.000000
1455,38.870800
1456,0.000000
1457,38.870800
1458,0.000000
1459,38.870800
1460,0.000000
1461,38.870800
1462,0.000000
1463,38.870800
1464,0.000000
1465,38.870800
1466,0.000000
1467,38.870800
1468,0.000000
1469,38.870800
1470,0.000000
1471,38.870800
1472,0.000000
1473,37.439700
1474,0.000000
1475,37.439700
1476,0.000000
1477,37.439700
1478,0.000000
1479,37.439700
1480,0.000000
1481,37.439700
1482,0.000000
1483,37.439700
1484,0.000000
1485,37.439700
1486,0.000000
1487,37.439700
1488,0.000000
1489,37.439700
1490,0.000000
1491,37.439700
1492,0.000000
1493,37.439700
1494,0.000000
1495,37.439700
1496,0.000000
1497,37.439700
1498,0.000000
1499,37.439700
1500,0.000000
1501,37.439700
1502,0.000000
1503,37.439700
1504,0.000000
1505,37.137000
1506,0.000000
1507,37.137000
1508,0.000000
1509,37.137000
1510,0.000000
1511,37.137000
1512,0.000000
1513,37.137000
1514,0.000000
1515,37.137000
1516,0.000000
1517,37.137000
1518,0.000000
1519,37.137000
1520,0.000000
1521,37.137000
1522,0.000000
1523,37.137000
1524,0.000000
1525,37.137000
1526,0.000000
1527,37.137000
1528,0.000000
1529,37.137000
1530,0.000000
1531,37.137000
1532,0.000000
1533,37.137000
1534,0.000000
1535,37.137000
1536,123.623000
1537,35.621500
1538,123.623000
1539,35.621500
1540,123.623000
1541,35.621500
1542,123.623000
1543,35.621500
1544,123.623000
1545,35.621500
1546,123.623000
1547,35.621500
1548,123.623000
1549,35.621500
1550,123.623000
1551,35.621500
1552,123.623000
1553,35.621500
1554,123.623000
1555,35.621500
1556,123.623000
1557,35.621500
1558,123.623000
1559,35.621500
1560,123.623000
1561,35.621500
1562,123.623000
1563,35.621500
1564,123.623000
1565,35.621500
1566,123.623000
1567,35.621500
1568,123.596000
1569,37.711100
1570,123.596000
1571,37.711100
1572,123.596000
1573,37.711100
1574,123.596000
1575,37.711100
1576,123.596000
1577,37.711100
1578,123.596000
1579,37.711100
1580,123.596000
1581,37.711100
1582,123.596000
1583,37.711100
1584,123.596000
1585,37.711100
1586,123.596000
1587,37.711100
1588,123.596000
1589,37.711100
1590,123.596000
1591,37.711100
1592,123.596000
1593,37.711100
1594,123.596000
1595,37.711100
1596,123.596000
1597,37.711100
1598,123.596000
1599,37.711100
1600,124.377000
1601,37.413000
1602,124.377000
1603,37.413000
1604,124.377000
1605,37.413000
1606,124.377000
1607,37.413000
1608,124.377000
1609,37.413000
1610,124.377000
1611,37.413000
1612,124.377000
1613,37.413000
1614,124.377000
1615,37.413000
1616,124.377000
1617,37.413000
1618,124.377000
1619,37.413000
1620,124.377000
1621,37.413000
1622,124.377000
1623,37.413000
1624,124.377000
1625,37.413000
1626,124.377000
1627,37.413000
1628,124.377000
1629,37.413000
1630,124.377000
1631,37.413000
1632,124.606000
1633,38.388000
1634,124.606000
1635,38.388000
1636,124.606000
1637,38.388000
1638,124.606000
1639,38.388000
1640,124.606000
1641,38.388000
1642,124.606000
1643,38.388000
1644,124.606000
1645,38.388000
1646,124.606000
1647,38.388000
1648,124.606000
1649,38.388000
1650,124.606000
1651,38.388000
1652,124.606000
1653,38.388000
1654,124.606000
1655,38.388000
1656,124.606000
1657,38.388000
1658,124.606000
1659,38.388000
1660,124.606000
1661,38.388000
1662,124.606000
1663,38.388000
1664,108.399000
1665,36.025500
1666,108.399000
1667,36.025500
1668,108.399000
1669,36.025500
1670,108.399000
1671,36.025500
1672,108.399000
1673,36.025500
1674,108.399000
1675,36.025500
1676,108.399000
1677,36.025500
1678,108.399000
1679,36.025500
1680,108.399000
1681,36.025500
1682,108.399000
1683,36.025500
1684,108.399000
1685,36.025500
1686,108.399000
1687,36.025500
1688,108.399000
1689,36.025500
1690,108.399000
1691,36.025500
1692,108.399000
1693,36.025500
1694,108.399000
1695,36.025500
1696,109.141000
1697,37.000200
1698,109.141000
1699,37.000200
1700,109.141000
1701,37.000200
1702,109.141000
1703,37.000200
1704,109.141000
1705,37.000200
1706,109.141000
1707,37.000200
1708,109.141000
1709,37.000200
1710,109.141000
1711,37.000200
1712,109.141000
1713,37.000200
1714,109.141000
1715,37.000200
1716,109.141000
1717,37.000200
1718,109.141000
1719,37.000200
1720,109.141000
1721,37.000200
1722,109.141000
1723,37.000200
1724,109.141000
1725,37.000200
1726,109.141000
1727,37.000200
1728,109.539000
1729,37.846800
1730,109.539000
1731,37.846800
1732,109.539000
1733,37.846800
1734,109.539000
1735,37.846800
1736,109.539000
1737,37.846800
1738,109.539000
1739,37.846800
1740,109.539000
1741,37.846800
1742,109.539000
1743,37.846800
1744,109.539000
1745,37.846800
1746,109.539000
1747,37.846800
1748,109.539000
1749,37.846800
1750,109.539000
1751,37.846800
1752,109.539000
1753,37.846800
1754,109.539000
1755,37.846800
1756,109.539000
1757,37.846800
1758,109.539000
1759,37.846800
1760,110.355000
1761,37.972700
1762,110.355000
1763,37.972700
1764,110.355000
1765,37.972700
1766,110.355000
1767,37.972700
1768,110.355000
1769,37.972700
1770,110.355000
1771,37.972700
1772,110.355000
1773,37.972700
1774,110.355000
1775,37.972700
1776,110.355000
1777,37.972700
1778,110.355000
1779,37.972700
1780,110.355000
1781,37.972700
1782,110.355000
1783,37.972700
1784,110.355000
1785,37.972700
1786,110.355000
1787,37.972700
1788,110.355000
1789,37.972700
1790,110.355000
1791,37.972700
1792,6.053140
1793,44.358600
1794,6.053140
1795,44.358600
1796,6.053140
1797,44.358600
1798,6.053140
1799,44.358600
1800,6.053140
1801,44.358600
1802,6.053140
1803,44.358600
1804,6.053140
1805,44.358600
1806,6.053140
1807,44.358600
1808,6.053140
1809,44.358600
1810,6.053140
1811,44.358600
1812,6.053140
1813,44.358600
1814,6.053140
1815,44.358600
1816,6.053140
1817,44.358600
1818,6.053140
1819,44.358600
1820,6.053140
1821,44.358600
1822,6.053140
1823,44.358600
1824,6.070080
1825,45.198800
1826,6.070080
1827,45.198800
1828,6.070080
1829,45.198800
1830,6.070080
1831,45.198800
1832,6.070080
1833,45.198800
1834,6.070080
1835,45.198800
1836,6.070080
1837,45.198800
1838,6.070080
1839,45.198800
1840,6.070080
1841,45.198800
1842,6.070080
1843,45.198800
1844,6.070080
1845,45.198800
1846,6.070080
1847,45.198800
1848,6.070080
1849,45.198800
1850,6.070080
1851,45.198800
1852,6.070080
1853,45.198800
1854,6.070080
1855,45.198800
1856,6.447100
1857,44.963700
1858,6.447100
1859,44.963700
1860,6.447100
1861,44.963700
1862,6.447100
1863,44.963700
1864,6.447100
1865,44.963700
1866,6.447100
1867,44.963700
1868,6.447100
1869,44.963700
1870,6.447100
1871,44.963700
1872,6.447100
1873,44.963700
1874,6.447100
1875,44.963700
1876,6.447100
1877,44.963700
1878,6.447100
1879,44.963700
1880,6.447100
1881,44.963700
1882,6.447100
1883,44.963700
1884,6.447100
1885,44.963700
1886,6.447100
1887,44.963700
1888,7.791000
1889,45.614800
1890,7.791000
1891,45.614800
1892,7.791000
1893,45.614800
1894,7.791000
1895,45.614800
1896,7.791000
1897,45.614800
1898,7.791000
1899,45.614800
1900,7.791000
1901,45.614800
1902,7.791000
1903,45.614800
1904,7.791000
1905,45.614800
1906,7.791000
1907,45.614800
1908,7.791000
1909,45.614800
1910,7.791000
1911,45.614800
1912,7.791000
1913,45.614800
1914,7.791000
1915,45.614800
1916,7.791000
1917,45.614800
1918,7.791000
1919,45.614800
1920,5.773110
1921,43.532900
1922,5.773110
1923,43.532900
1924,5.773110
1925,43.532900
1926,5.773110
1927,43.532900
1928,5.773110
1929,43.532900
1930,5.773110
1931,43.532900
1932,5.773110
1933,43.532900
1934,5.773110
1935,43.532900
1936,5.773110
1937,43.532900
1938,5.773110
1939,43.532900
1940,5.773110
1941,43.532900
1942,5.773110
1943,43.532900
1944,5.773110
1945,43.532900
1946,5.773110
1947,43.532900
1948,5.773110
1949,43.532900
1950,5.773110
1951,43.532900
1952,5.308530
1953,46.540300
1954,5.308530
1955,46.540300
1956,5.308530
1957,46.540300
1958,5.308530
1959,46.540300
1960,5.308530
1961,46.540300
1962,5.308530
1963,46.540300
1964,5.308530
1965,46.540300
1966,5.308530
1967,46.540300
1968,5.308530
1969,46.540300
1970,5.308530
1971,46.540300
1972,5.308530
1973,46.540300
1974,5.308530
1975,46.540300
1976,5.308530
1977,46.540300
1978,5.308530
1979,46.540300
1980,5.308530
1981,46.540300
1982,5.308530
1983,46.540300
1984,6.696800
1985,44.616600
1986,6.696800
1987,44.616600
1988,6.696800
1989,44.616600
1990,6.696800
1991,44.616600
1992,6.696800
1993,44.616600
1994,6.696800
1995,44.616600
1996,6.696800
1997,44.616600
1998,6.696800
1999,44.616600
2000,6.696800
2001,44.616600
2002,6.696800
2003,44.616600
2004,6.696800
2005,44.616600
2006,6.696800
2007,44.616600
2008,6.696800
2009,44.616600
2010,6.696800
2011,44.616600
2012,6.696800
2013,44.616600
2014,6.696800
2015,44.616600
2016,6.622100
2017,46.176600
2018,6.622100
2019,46.176600
2020,6.622100
2021,46.176600
2022,6.622100
2023,46.176600
2024,6.622100
2025,46.176600
2026,6.622100
2027,46.176600
2028,6.622100
2029,46.176600
2030,6.622100
2031,46.176600
2032,6.622100
2033,46.176600
2034,6.622100
2035,46.176600
2036,6.622100
2037,46.176600
2038,6.622100
2039,46.176600
2040,6.622100
2041,46.176600
2042,6.622100
2043,46.176600
2044,6.622100
2045,46.176600
2046,6.622100
2047,46.176600
2048,62.530000
2049,0.000000
2050,62.530000
2051,0.000000
2052,62.530000
2053,0.000000
2054,62.530000
2055,0.000000
2056,62.530000
2057,0.000000
2058,62.530000
2059,0.000000
2060,62.530000
2061,0.000000
2062,62.530000
2063,0.000000
2064,62.530000
2065,0.000000
2066,62.530000
2067,0.000000
2068,62.530000
2069,0.000000
2070,62.530000
2071,0.000000
2072,62.530000
2073,0.000000
2074,62.530000
2075,0.000000
2076,62.530000
2077,0.000000
2078,62.530000
2079,0.000000
2080,65.013300
2081,0.000000
2082,65.013300
2083,0.000000
2084,65.013300
2085,0.000000
2086,65.013300
2087,0.000000
2088,65.013300
2089,0.000000
2090,65.013300
2091,0.000000
2092,65.013300
2093,0.000000
2094,65.013300
2095,0.000000
2096,65.013300
2097,0.000000
2098,65.013300
2099,0.000000
2100,65.013300
2101,0.000000
2102,65.013300
2103,0.000000
2104,65.013300
2105,0.000000
2106,65.013300
2107,0.000000
2108,65.013300
2109,0.000000
2110,65.013300
2111,0.000000
2112,65.175100
2113,0.000000
2114,65.175100
2115,0.000000
2116,65.175100
2117,0.000000
2118,65.175100
2119,0.000000
2120,65.175100
2121,0.000000
2122,65.175100
2123,0.000000
2124,65.175100
2125,0.000000
2126,65.175100
2127,0.000000
2128,65.175100
2129,0.000000
2130,65.175100
2131,0.000000
2132,65.175100
2133,0.000000
2134,65.175100
2135,0.000000
2136,65.175100
2137,0.000000
2138,65.175100
2139,0.000000
2140,65.175100
2141,0.000000
2142,65.175100
2143,0.000000
2144,65.379100
2145,0.000000
2146,65.379100
2147,0.000000
2148,65.379100
2149,0.000000
2150,65.379100
2151,0.000000
2152,65.379100
2153,0.000000
2154,65.379100
2155,0.000000
2156,65.379100
2157,0.000000
2158,65.379100
2159,0.000000
2160,65.379100
2161,0.000000
2162,65.379100
2163,0.000000
2164,65.379100
2165,0.000000
2166,65.379100
2167,0.000000
2168,65.379100
2169,0.000000
2170,65.379100
2171,0.000000
2172,65.379100
2173,0.000000
2174,65.379100
2175,0.000000
2176,61.764300
2177,0.000000
2178,61.764300
2179,0.000000
2180,61.764300
2181,0.000000
2182,61.764300
2183,0.000000
2184,61.764300
2185,0.000000
2186,61.764300
2187,0.000000
2188,61.764300
2189,0.000000
2190,61.764300
2191,0.000000
2192,61.764300
2193,0.000000
2194,61.764300
2195,0.000000
2196,61.764300
2197,0.000000
2198,61.764300
2199,0.000000
2200,61.764300
2201,0.000000
2202,61.764300
2203,0.000000
2204,61.764300
2205,0.000000
2206,61.764300
2207,0.000000
2208,61.611000
2209,0.000000
2210,61.611000
2211,0.000000
2212,61.611000
2213,0.000000
2214,61.611000
2215,0.000000
2216,61.611000
2217,0.000000
2218,61.611000
2219,0.000000
2220,61.611000
2221,0.000000
2222,61.611000
2223,0.000000
2224,61.611000
2225,0.000000
2226,61.611000
2227,0.000000
2228,61.611000
2229,0.000000
2230,61.611000
2231,0.000000
2232,61.611000
2233,0.000000
2234,61.611000
2235,0.000000
2236,61.611000
2237,0.000000
2238,61.611000
2239,0.000000
2240,63.881800
2241,0.000000
2242,63.881800
2243,0.000000
2244,63.881800
2245,0.000000
2246,63.881800
2247,0.000000
2248,63.881800
2249,0.000000
2250,63.881800
2251,0.000000
2252,63.881800
2253,0.000000
2254,63.881800
2255,0.000000
2256,63.881800
2257,0.000000
2258,63.881800
2259,0.000000
2260,63.881800
2261,0.000000
2262,63.881800
2263,0.000000
2264,63.881800
2265,0.000000
2266,63.881800
2267,0.000000
2268,63.881800
2269,0.000000
2270,63.881800
2271,0.000000
2272,64.036200
2273,0.000000
2274,64.036200
2275,0.000000
2276,64.036200
2277,0.000000
2278,64.036200
2279,0.000000
2280,64.036200
2281,0.000000
2282,64.036200
2283,0.000000
2284,64.036200
2285,0.000000
2286,64.036200
2287,0.000000
2288,64.036200
2289,0.000000
2290,64.036200
2291,0.000000
2292,64.036200
2293,0.000000
2294,64.036200
2295,0.000000
2296,64.036200
2297,0.000000
2298,64.036200
2299,0.000000
2300,64.036200
2301,0.000000
2302,64.036200
2303,0.000000
