TABLE CRVTime  123660-123660
#  123660 cid 303
# channel,timeOffset
    0,   0.000
    1,  25.209
    2,   0.000
    3,  25.209
    4,   0.000
    5,  25.209
    6,   0.000
    7,  25.209
    8,   0.000
    9,  25.209
   10,   0.000
   11,  25.209
   12,   0.000
   13,  25.209
   14,   0.000
   15,  25.209
   16,   0.000
   17,  25.209
   18,   0.000
   19,  25.209
   20,   0.000
   21,  25.209
   22,   0.000
   23,  25.209
   24,   0.000
   25,  25.209
   26,   0.000
   27,  25.209
   28,   0.000
   29,  25.209
   30,   0.000
   31,  25.209
   32,  -0.004
   33,  26.149
   34,  -0.004
   35,  26.149
   36,  -0.004
   37,  26.149
   38,  -0.004
   39,  26.149
   40,  -0.004
   41,  26.149
   42,  -0.004
   43,  26.149
   44,  -0.004
   45,  26.149
   46,  -0.004
   47,  26.149
   48,  -0.004
   49,  26.149
   50,  -0.004
   51,  26.149
   52,  -0.004
   53,  26.149
   54,  -0.004
   55,  26.149
   56,  -0.004
   57,  26.149
   58,  -0.004
   59,  26.149
   60,  -0.004
   61,  26.149
   62,  -0.004
   63,  26.149
   64,   1.120
   65,  25.935
   66,   1.120
   67,  25.935
   68,   1.120
   69,  25.935
   70,   1.120
   71,  25.935
   72,   1.120
   73,  25.935
   74,   1.120
   75,  25.935
   76,   1.120
   77,  25.935
   78,   1.120
   79,  25.935
   80,   1.120
   81,  25.935
   82,   1.120
   83,  25.935
   84,   1.120
   85,  25.935
   86,   1.120
   87,  25.935
   88,   1.120
   89,  25.935
   90,   1.120
   91,  25.935
   92,   1.120
   93,  25.935
   94,   1.120
   95,  25.935
   96,   1.837
   97,  27.065
   98,   1.837
   99,  27.065
  100,   1.837
  101,  27.065
  102,   1.837
  103,  27.065
  104,   1.837
  105,  27.065
  106,   1.837
  107,  27.065
  108,   1.837
  109,  27.065
  110,   1.837
  111,  27.065
  112,   1.837
  113,  27.065
  114,   1.837
  115,  27.065
  116,   1.837
  117,  27.065
  118,   1.837
  119,  27.065
  120,   1.837
  121,  27.065
  122,   1.837
  123,  27.065
  124,   1.837
  125,  27.065
  126,   1.837
  127,  27.065
  128,  -0.226
  129,  24.922
  130,  -0.226
  131,  24.922
  132,  -0.226
  133,  24.922
  134,  -0.226
  135,  24.922
  136,  -0.226
  137,  24.922
  138,  -0.226
  139,  24.922
  140,  -0.226
  141,  24.922
  142,  -0.226
  143,  24.922
  144,  -0.226
  145,  24.922
  146,  -0.226
  147,  24.922
  148,  -0.226
  149,  24.922
  150,  -0.226
  151,  24.922
  152,  -0.226
  153,  24.922
  154,  -0.226
  155,  24.922
  156,  -0.226
  157,  24.922
  158,  -0.226
  159,  24.922
  160,   0.769
  161,  25.082
  162,   0.769
  163,  25.082
  164,   0.769
  165,  25.082
  166,   0.769
  167,  25.082
  168,   0.769
  169,  25.082
  170,   0.769
  171,  25.082
  172,   0.769
  173,  25.082
  174,   0.769
  175,  25.082
  176,   0.769
  177,  25.082
  178,   0.769
  179,  25.082
  180,   0.769
  181,  25.082
  182,   0.769
  183,  25.082
  184,   0.769
  185,  25.082
  186,   0.769
  187,  25.082
  188,   0.769
  189,  25.082
  190,   0.769
  191,  25.082
  192,   1.293
  193,  25.336
  194,   1.293
  195,  25.336
  196,   1.293
  197,  25.336
  198,   1.293
  199,  25.336
  200,   1.293
  201,  25.336
  202,   1.293
  203,  25.336
  204,   1.293
  205,  25.336
  206,   1.293
  207,  25.336
  208,   1.293
  209,  25.336
  210,   1.293
  211,  25.336
  212,   1.293
  213,  25.336
  214,   1.293
  215,  25.336
  216,   1.293
  217,  25.336
  218,   1.293
  219,  25.336
  220,   1.293
  221,  25.336
  222,   1.293
  223,  25.336
  224,   2.221
  225,  26.200
  226,   2.221
  227,  26.200
  228,   2.221
  229,  26.200
  230,   2.221
  231,  26.200
  232,   2.221
  233,  26.200
  234,   2.221
  235,  26.200
  236,   2.221
  237,  26.200
  238,   2.221
  239,  26.200
  240,   2.221
  241,  26.200
  242,   2.221
  243,  26.200
  244,   2.221
  245,  26.200
  246,   2.221
  247,  26.200
  248,   2.221
  249,  26.200
  250,   2.221
  251,  26.200
  252,   2.221
  253,  26.200
  254,   2.221
  255,  26.200
  256, 109.847
  257,  26.773
  258, 109.847
  259,  26.773
  260, 109.847
  261,  26.773
  262, 109.847
  263,  26.773
  264, 109.847
  265,  26.773
  266, 109.847
  267,  26.773
  268, 109.847
  269,  26.773
  270, 109.847
  271,  26.773
  272, 109.847
  273,  26.773
  274, 109.847
  275,  26.773
  276, 109.847
  277,  26.773
  278, 109.847
  279,  26.773
  280, 109.847
  281,  26.773
  282, 109.847
  283,  26.773
  284, 109.847
  285,  26.773
  286, 109.847
  287,  26.773
  288, 110.034
  289,  27.436
  290, 110.034
  291,  27.436
  292, 110.034
  293,  27.436
  294, 110.034
  295,  27.436
  296, 110.034
  297,  27.436
  298, 110.034
  299,  27.436
  300, 110.034
  301,  27.436
  302, 110.034
  303,  27.436
  304, 110.034
  305,  27.436
  306, 110.034
  307,  27.436
  308, 110.034
  309,  27.436
  310, 110.034
  311,  27.436
  312, 110.034
  313,  27.436
  314, 110.034
  315,  27.436
  316, 110.034
  317,  27.436
  318, 110.034
  319,  27.436
  320, 110.845
  321,  26.968
  322, 110.845
  323,  26.968
  324, 110.845
  325,  26.968
  326, 110.845
  327,  26.968
  328, 110.845
  329,  26.968
  330, 110.845
  331,  26.968
  332, 110.845
  333,  26.968
  334, 110.845
  335,  26.968
  336, 110.845
  337,  26.968
  338, 110.845
  339,  26.968
  340, 110.845
  341,  26.968
  342, 110.845
  343,  26.968
  344, 110.845
  345,  26.968
  346, 110.845
  347,  26.968
  348, 110.845
  349,  26.968
  350, 110.845
  351,  26.968
  352, 111.952
  353,  28.040
  354, 111.952
  355,  28.040
  356, 111.952
  357,  28.040
  358, 111.952
  359,  28.040
  360, 111.952
  361,  28.040
  362, 111.952
  363,  28.040
  364, 111.952
  365,  28.040
  366, 111.952
  367,  28.040
  368, 111.952
  369,  28.040
  370, 111.952
  371,  28.040
  372, 111.952
  373,  28.040
  374, 111.952
  375,  28.040
  376, 111.952
  377,  28.040
  378, 111.952
  379,  28.040
  380, 111.952
  381,  28.040
  382, 111.952
  383,  28.040
  384,  -0.774
  385,  26.728
  386,  -0.774
  387,  26.728
  388,  -0.774
  389,  26.728
  390,  -0.774
  391,  26.728
  392,  -0.774
  393,  26.728
  394,  -0.774
  395,  26.728
  396,  -0.774
  397,  26.728
  398,  -0.774
  399,  26.728
  400,  -0.774
  401,  26.728
  402,  -0.774
  403,  26.728
  404,  -0.774
  405,  26.728
  406,  -0.774
  407,  26.728
  408,  -0.774
  409,  26.728
  410,  -0.774
  411,  26.728
  412,  -0.774
  413,  26.728
  414,  -0.774
  415,  26.728
  416,  -0.253
  417,  27.181
  418,  -0.253
  419,  27.181
  420,  -0.253
  421,  27.181
  422,  -0.253
  423,  27.181
  424,  -0.253
  425,  27.181
  426,  -0.253
  427,  27.181
  428,  -0.253
  429,  27.181
  430,  -0.253
  431,  27.181
  432,  -0.253
  433,  27.181
  434,  -0.253
  435,  27.181
  436,  -0.253
  437,  27.181
  438,  -0.253
  439,  27.181
  440,  -0.253
  441,  27.181
  442,  -0.253
  443,  27.181
  444,  -0.253
  445,  27.181
  446,  -0.253
  447,  27.181
  448,   0.609
  449,  26.952
  450,   0.609
  451,  26.952
  452,   0.609
  453,  26.952
  454,   0.609
  455,  26.952
  456,   0.609
  457,  26.952
  458,   0.609
  459,  26.952
  460,   0.609
  461,  26.952
  462,   0.609
  463,  26.952
  464,   0.609
  465,  26.952
  466,   0.609
  467,  26.952
  468,   0.609
  469,  26.952
  470,   0.609
  471,  26.952
  472,   0.609
  473,  26.952
  474,   0.609
  475,  26.952
  476,   0.609
  477,  26.952
  478,   0.609
  479,  26.952
  480,   1.373
  481,  28.172
  482,   1.373
  483,  28.172
  484,   1.373
  485,  28.172
  486,   1.373
  487,  28.172
  488,   1.373
  489,  28.172
  490,   1.373
  491,  28.172
  492,   1.373
  493,  28.172
  494,   1.373
  495,  28.172
  496,   1.373
  497,  28.172
  498,   1.373
  499,  28.172
  500,   1.373
  501,  28.172
  502,   1.373
  503,  28.172
  504,   1.373
  505,  28.172
  506,   1.373
  507,  28.172
  508,   1.373
  509,  28.172
  510,   1.373
  511,  28.172
  512,  10.741
  513,  34.521
  514,  10.741
  515,  34.521
  516,  10.741
  517,  34.521
  518,  10.741
  519,  34.521
  520,  10.741
  521,  34.521
  522,  10.741
  523,  34.521
  524,  10.741
  525,  34.521
  526,  10.741
  527,  34.521
  528,  10.741
  529,  34.521
  530,  10.741
  531,  34.521
  532,  10.741
  533,  34.521
  534,  10.741
  535,  34.521
  536,  10.741
  537,  34.521
  538,  10.741
  539,  34.521
  540,  10.741
  541,  34.521
  542,  10.741
  543,  34.521
  544,  10.915
  545,  35.535
  546,  10.915
  547,  35.535
  548,  10.915
  549,  35.535
  550,  10.915
  551,  35.535
  552,  10.915
  553,  35.535
  554,  10.915
  555,  35.535
  556,  10.915
  557,  35.535
  558,  10.915
  559,  35.535
  560,  10.915
  561,  35.535
  562,  10.915
  563,  35.535
  564,  10.915
  565,  35.535
  566,  10.915
  567,  35.535
  568,  10.915
  569,  35.535
  570,  10.915
  571,  35.535
  572,  10.915
  573,  35.535
  574,  10.915
  575,  35.535
  576,  11.452
  577,  37.012
  578,  11.452
  579,  37.012
  580,  11.452
  581,  37.012
  582,  11.452
  583,  37.012
  584,  11.452
  585,  37.012
  586,  11.452
  587,  37.012
  588,  11.452
  589,  37.012
  590,  11.452
  591,  37.012
  592,  11.452
  593,  37.012
  594,  11.452
  595,  37.012
  596,  11.452
  597,  37.012
  598,  11.452
  599,  37.012
  600,  11.452
  601,  37.012
  602,  11.452
  603,  37.012
  604,  11.452
  605,  37.012
  606,  11.452
  607,  37.012
  608,  12.001
  609,  36.203
  610,  12.001
  611,  36.203
  612,  12.001
  613,  36.203
  614,  12.001
  615,  36.203
  616,  12.001
  617,  36.203
  618,  12.001
  619,  36.203
  620,  12.001
  621,  36.203
  622,  12.001
  623,  36.203
  624,  12.001
  625,  36.203
  626,  12.001
  627,  36.203
  628,  12.001
  629,  36.203
  630,  12.001
  631,  36.203
  632,  12.001
  633,  36.203
  634,  12.001
  635,  36.203
  636,  12.001
  637,  36.203
  638,  12.001
  639,  36.203
  640,   7.215
  641,  33.278
  642,   7.215
  643,  33.278
  644,   7.215
  645,  33.278
  646,   7.215
  647,  33.278
  648,   7.215
  649,  33.278
  650,   7.215
  651,  33.278
  652,   7.215
  653,  33.278
  654,   7.215
  655,  33.278
  656,   7.215
  657,  33.278
  658,   7.215
  659,  33.278
  660,   7.215
  661,  33.278
  662,   7.215
  663,  33.278
  664,   7.215
  665,  33.278
  666,   7.215
  667,  33.278
  668,   7.215
  669,  33.278
  670,   7.215
  671,  33.278
  672,   9.038
  673,  34.133
  674,   9.038
  675,  34.133
  676,   9.038
  677,  34.133
  678,   9.038
  679,  34.133
  680,   9.038
  681,  34.133
  682,   9.038
  683,  34.133
  684,   9.038
  685,  34.133
  686,   9.038
  687,  34.133
  688,   9.038
  689,  34.133
  690,   9.038
  691,  34.133
  692,   9.038
  693,  34.133
  694,   9.038
  695,  34.133
  696,   9.038
  697,  34.133
  698,   9.038
  699,  34.133
  700,   9.038
  701,  34.133
  702,   9.038
  703,  34.133
  704,   8.523
  705,  34.677
  706,   8.523
  707,  34.677
  708,   8.523
  709,  34.677
  710,   8.523
  711,  34.677
  712,   8.523
  713,  34.677
  714,   8.523
  715,  34.677
  716,   8.523
  717,  34.677
  718,   8.523
  719,  34.677
  720,   8.523
  721,  34.677
  722,   8.523
  723,  34.677
  724,   8.523
  725,  34.677
  726,   8.523
  727,  34.677
  728,   8.523
  729,  34.677
  730,   8.523
  731,  34.677
  732,   8.523
  733,  34.677
  734,   8.523
  735,  34.677
  736,   9.429
  737,  35.553
  738,   9.429
  739,  35.553
  740,   9.429
  741,  35.553
  742,   9.429
  743,  35.553
  744,   9.429
  745,  35.553
  746,   9.429
  747,  35.553
  748,   9.429
  749,  35.553
  750,   9.429
  751,  35.553
  752,   9.429
  753,  35.553
  754,   9.429
  755,  35.553
  756,   9.429
  757,  35.553
  758,   9.429
  759,  35.553
  760,   9.429
  761,  35.553
  762,   9.429
  763,  35.553
  764,   9.429
  765,  35.553
  766,   9.429
  767,  35.553
  768,   9.059
  769,  33.434
  770,   9.059
  771,  33.434
  772,   9.059
  773,  33.434
  774,   9.059
  775,  33.434
  776,   9.059
  777,  33.434
  778,   9.059
  779,  33.434
  780,   9.059
  781,  33.434
  782,   9.059
  783,  33.434
  784,   9.059
  785,  33.434
  786,   9.059
  787,  33.434
  788,   9.059
  789,  33.434
  790,   9.059
  791,  33.434
  792,   9.059
  793,  33.434
  794,   9.059
  795,  33.434
  796,   9.059
  797,  33.434
  798,   9.059
  799,  33.434
  800,   9.733
  801,  34.627
  802,   9.733
  803,  34.627
  804,   9.733
  805,  34.627
  806,   9.733
  807,  34.627
  808,   9.733
  809,  34.627
  810,   9.733
  811,  34.627
  812,   9.733
  813,  34.627
  814,   9.733
  815,  34.627
  816,   9.733
  817,  34.627
  818,   9.733
  819,  34.627
  820,   9.733
  821,  34.627
  822,   9.733
  823,  34.627
  824,   9.733
  825,  34.627
  826,   9.733
  827,  34.627
  828,   9.733
  829,  34.627
  830,   9.733
  831,  34.627
  832,   9.850
  833,  35.285
  834,   9.850
  835,  35.285
  836,   9.850
  837,  35.285
  838,   9.850
  839,  35.285
  840,   9.850
  841,  35.285
  842,   9.850
  843,  35.285
  844,   9.850
  845,  35.285
  846,   9.850
  847,  35.285
  848,   9.850
  849,  35.285
  850,   9.850
  851,  35.285
  852,   9.850
  853,  35.285
  854,   9.850
  855,  35.285
  856,   9.850
  857,  35.285
  858,   9.850
  859,  35.285
  860,   9.850
  861,  35.285
  862,   9.850
  863,  35.285
  864,  10.026
  865,  35.370
  866,  10.026
  867,  35.370
  868,  10.026
  869,  35.370
  870,  10.026
  871,  35.370
  872,  10.026
  873,  35.370
  874,  10.026
  875,  35.370
  876,  10.026
  877,  35.370
  878,  10.026
  879,  35.370
  880,  10.026
  881,  35.370
  882,  10.026
  883,  35.370
  884,  10.026
  885,  35.370
  886,  10.026
  887,  35.370
  888,  10.026
  889,  35.370
  890,  10.026
  891,  35.370
  892,  10.026
  893,  35.370
  894,  10.026
  895,  35.370
  896,   8.386
  897,  33.917
  898,   8.386
  899,  33.917
  900,   8.386
  901,  33.917
  902,   8.386
  903,  33.917
  904,   8.386
  905,  33.917
  906,   8.386
  907,  33.917
  908,   8.386
  909,  33.917
  910,   8.386
  911,  33.917
  912,   8.386
  913,  33.917
  914,   8.386
  915,  33.917
  916,   8.386
  917,  33.917
  918,   8.386
  919,  33.917
  920,   8.386
  921,  33.917
  922,   8.386
  923,  33.917
  924,   8.386
  925,  33.917
  926,   8.386
  927,  33.917
  928,   9.023
  929,  34.187
  930,   9.023
  931,  34.187
  932,   9.023
  933,  34.187
  934,   9.023
  935,  34.187
  936,   9.023
  937,  34.187
  938,   9.023
  939,  34.187
  940,   9.023
  941,  34.187
  942,   9.023
  943,  34.187
  944,   9.023
  945,  34.187
  946,   9.023
  947,  34.187
  948,   9.023
  949,  34.187
  950,   9.023
  951,  34.187
  952,   9.023
  953,  34.187
  954,   9.023
  955,  34.187
  956,   9.023
  957,  34.187
  958,   9.023
  959,  34.187
  960,  10.441
  961,  35.181
  962,  10.441
  963,  35.181
  964,  10.441
  965,  35.181
  966,  10.441
  967,  35.181
  968,  10.441
  969,  35.181
  970,  10.441
  971,  35.181
  972,  10.441
  973,  35.181
  974,  10.441
  975,  35.181
  976,  10.441
  977,  35.181
  978,  10.441
  979,  35.181
  980,  10.441
  981,  35.181
  982,  10.441
  983,  35.181
  984,  10.441
  985,  35.181
  986,  10.441
  987,  35.181
  988,  10.441
  989,  35.181
  990,  10.441
  991,  35.181
  992,  10.003
  993,  35.728
  994,  10.003
  995,  35.728
  996,  10.003
  997,  35.728
  998,  10.003
  999,  35.728
 1000,  10.003
 1001,  35.728
 1002,  10.003
 1003,  35.728
 1004,  10.003
 1005,  35.728
 1006,  10.003
 1007,  35.728
 1008,  10.003
 1009,  35.728
 1010,  10.003
 1011,  35.728
 1012,  10.003
 1013,  35.728
 1014,  10.003
 1015,  35.728
 1016,  10.003
 1017,  35.728
 1018,  10.003
 1019,  35.728
 1020,  10.003
 1021,  35.728
 1022,  10.003
 1023,  35.728
 1024,   0.000
 1025,  19.352
 1026,   0.000
 1027,  19.352
 1028,   0.000
 1029,  19.352
 1030,   0.000
 1031,  19.352
 1032,   0.000
 1033,  19.352
 1034,   0.000
 1035,  19.352
 1036,   0.000
 1037,  19.352
 1038,   0.000
 1039,  19.352
 1040,   0.000
 1041,  19.352
 1042,   0.000
 1043,  19.352
 1044,   0.000
 1045,  19.352
 1046,   0.000
 1047,  19.352
 1048,   0.000
 1049,  19.352
 1050,   0.000
 1051,  19.352
 1052,   0.000
 1053,  19.352
 1054,   0.000
 1055,  19.352
 1056,   0.000
 1057,  20.750
 1058,   0.000
 1059,  20.750
 1060,   0.000
 1061,  20.750
 1062,   0.000
 1063,  20.750
 1064,   0.000
 1065,  20.750
 1066,   0.000
 1067,  20.750
 1068,   0.000
 1069,  20.750
 1070,   0.000
 1071,  20.750
 1072,   0.000
 1073,  20.750
 1074,   0.000
 1075,  20.750
 1076,   0.000
 1077,  20.750
 1078,   0.000
 1079,  20.750
 1080,   0.000
 1081,  20.750
 1082,   0.000
 1083,  20.750
 1084,   0.000
 1085,  20.750
 1086,   0.000
 1087,  20.750
 1088,   0.000
 1089,  20.913
 1090,   0.000
 1091,  20.913
 1092,   0.000
 1093,  20.913
 1094,   0.000
 1095,  20.913
 1096,   0.000
 1097,  20.913
 1098,   0.000
 1099,  20.913
 1100,   0.000
 1101,  20.913
 1102,   0.000
 1103,  20.913
 1104,   0.000
 1105,  20.913
 1106,   0.000
 1107,  20.913
 1108,   0.000
 1109,  20.913
 1110,   0.000
 1111,  20.913
 1112,   0.000
 1113,  20.913
 1114,   0.000
 1115,  20.913
 1116,   0.000
 1117,  20.913
 1118,   0.000
 1119,  20.913
 1120,   0.000
 1121,  21.514
 1122,   0.000
 1123,  21.514
 1124,   0.000
 1125,  21.514
 1126,   0.000
 1127,  21.514
 1128,   0.000
 1129,  21.514
 1130,   0.000
 1131,  21.514
 1132,   0.000
 1133,  21.514
 1134,   0.000
 1135,  21.514
 1136,   0.000
 1137,  21.514
 1138,   0.000
 1139,  21.514
 1140,   0.000
 1141,  21.514
 1142,   0.000
 1143,  21.514
 1144,   0.000
 1145,  21.514
 1146,   0.000
 1147,  21.514
 1148,   0.000
 1149,  21.514
 1150,   0.000
 1151,  21.514
 1152,   0.000
 1153,  20.242
 1154,   0.000
 1155,  20.242
 1156,   0.000
 1157,  20.242
 1158,   0.000
 1159,  20.242
 1160,   0.000
 1161,  20.242
 1162,   0.000
 1163,  20.242
 1164,   0.000
 1165,  20.242
 1166,   0.000
 1167,  20.242
 1168,   0.000
 1169,  20.242
 1170,   0.000
 1171,  20.242
 1172,   0.000
 1173,  20.242
 1174,   0.000
 1175,  20.242
 1176,   0.000
 1177,  20.242
 1178,   0.000
 1179,  20.242
 1180,   0.000
 1181,  20.242
 1182,   0.000
 1183,  20.242
 1184,   0.000
 1185,  20.348
 1186,   0.000
 1187,  20.348
 1188,   0.000
 1189,  20.348
 1190,   0.000
 1191,  20.348
 1192,   0.000
 1193,  20.348
 1194,   0.000
 1195,  20.348
 1196,   0.000
 1197,  20.348
 1198,   0.000
 1199,  20.348
 1200,   0.000
 1201,  20.348
 1202,   0.000
 1203,  20.348
 1204,   0.000
 1205,  20.348
 1206,   0.000
 1207,  20.348
 1208,   0.000
 1209,  20.348
 1210,   0.000
 1211,  20.348
 1212,   0.000
 1213,  20.348
 1214,   0.000
 1215,  20.348
 1216,   0.000
 1217,  21.089
 1218,   0.000
 1219,  21.089
 1220,   0.000
 1221,  21.089
 1222,   0.000
 1223,  21.089
 1224,   0.000
 1225,  21.089
 1226,   0.000
 1227,  21.089
 1228,   0.000
 1229,  21.089
 1230,   0.000
 1231,  21.089
 1232,   0.000
 1233,  21.089
 1234,   0.000
 1235,  21.089
 1236,   0.000
 1237,  21.089
 1238,   0.000
 1239,  21.089
 1240,   0.000
 1241,  21.089
 1242,   0.000
 1243,  21.089
 1244,   0.000
 1245,  21.089
 1246,   0.000
 1247,  21.089
 1248,   0.000
 1249,  20.964
 1250,   0.000
 1251,  20.964
 1252,   0.000
 1253,  20.964
 1254,   0.000
 1255,  20.964
 1256,   0.000
 1257,  20.964
 1258,   0.000
 1259,  20.964
 1260,   0.000
 1261,  20.964
 1262,   0.000
 1263,  20.964
 1264,   0.000
 1265,  20.964
 1266,   0.000
 1267,  20.964
 1268,   0.000
 1269,  20.964
 1270,   0.000
 1271,  20.964
 1272,   0.000
 1273,  20.964
 1274,   0.000
 1275,  20.964
 1276,   0.000
 1277,  20.964
 1278,   0.000
 1279,  20.964
 1280,   0.000
 1281,  23.279
 1282,   0.000
 1283,  23.279
 1284,   0.000
 1285,  23.279
 1286,   0.000
 1287,  23.279
 1288,   0.000
 1289,  23.279
 1290,   0.000
 1291,  23.279
 1292,   0.000
 1293,  23.279
 1294,   0.000
 1295,  23.279
 1296,   0.000
 1297,  23.279
 1298,   0.000
 1299,  23.279
 1300,   0.000
 1301,  23.279
 1302,   0.000
 1303,  23.279
 1304,   0.000
 1305,  23.279
 1306,   0.000
 1307,  23.279
 1308,   0.000
 1309,  23.279
 1310,   0.000
 1311,  23.279
 1312,   0.000
 1313,  22.524
 1314,   0.000
 1315,  22.524
 1316,   0.000
 1317,  22.524
 1318,   0.000
 1319,  22.524
 1320,   0.000
 1321,  22.524
 1322,   0.000
 1323,  22.524
 1324,   0.000
 1325,  22.524
 1326,   0.000
 1327,  22.524
 1328,   0.000
 1329,  22.524
 1330,   0.000
 1331,  22.524
 1332,   0.000
 1333,  22.524
 1334,   0.000
 1335,  22.524
 1336,   0.000
 1337,  22.524
 1338,   0.000
 1339,  22.524
 1340,   0.000
 1341,  22.524
 1342,   0.000
 1343,  22.524
 1344,   0.000
 1345,  23.829
 1346,   0.000
 1347,  23.829
 1348,   0.000
 1349,  23.829
 1350,   0.000
 1351,  23.829
 1352,   0.000
 1353,  23.829
 1354,   0.000
 1355,  23.829
 1356,   0.000
 1357,  23.829
 1358,   0.000
 1359,  23.829
 1360,   0.000
 1361,  23.829
 1362,   0.000
 1363,  23.829
 1364,   0.000
 1365,  23.829
 1366,   0.000
 1367,  23.829
 1368,   0.000
 1369,  23.829
 1370,   0.000
 1371,  23.829
 1372,   0.000
 1373,  23.829
 1374,   0.000
 1375,  23.829
 1376,   0.000
 1377,  23.325
 1378,   0.000
 1379,  23.325
 1380,   0.000
 1381,  23.325
 1382,   0.000
 1383,  23.325
 1384,   0.000
 1385,  23.325
 1386,   0.000
 1387,  23.325
 1388,   0.000
 1389,  23.325
 1390,   0.000
 1391,  23.325
 1392,   0.000
 1393,  23.325
 1394,   0.000
 1395,  23.325
 1396,   0.000
 1397,  23.325
 1398,   0.000
 1399,  23.325
 1400,   0.000
 1401,  23.325
 1402,   0.000
 1403,  23.325
 1404,   0.000
 1405,  23.325
 1406,   0.000
 1407,  23.325
 1408,   0.000
 1409,  22.423
 1410,   0.000
 1411,  22.423
 1412,   0.000
 1413,  22.423
 1414,   0.000
 1415,  22.423
 1416,   0.000
 1417,  22.423
 1418,   0.000
 1419,  22.423
 1420,   0.000
 1421,  22.423
 1422,   0.000
 1423,  22.423
 1424,   0.000
 1425,  22.423
 1426,   0.000
 1427,  22.423
 1428,   0.000
 1429,  22.423
 1430,   0.000
 1431,  22.423
 1432,   0.000
 1433,  22.423
 1434,   0.000
 1435,  22.423
 1436,   0.000
 1437,  22.423
 1438,   0.000
 1439,  22.423
 1440,   0.000
 1441,  22.660
 1442,   0.000
 1443,  22.660
 1444,   0.000
 1445,  22.660
 1446,   0.000
 1447,  22.660
 1448,   0.000
 1449,  22.660
 1450,   0.000
 1451,  22.660
 1452,   0.000
 1453,  22.660
 1454,   0.000
 1455,  22.660
 1456,   0.000
 1457,  22.660
 1458,   0.000
 1459,  22.660
 1460,   0.000
 1461,  22.660
 1462,   0.000
 1463,  22.660
 1464,   0.000
 1465,  22.660
 1466,   0.000
 1467,  22.660
 1468,   0.000
 1469,  22.660
 1470,   0.000
 1471,  22.660
 1472,   0.000
 1473,  21.229
 1474,   0.000
 1475,  21.229
 1476,   0.000
 1477,  21.229
 1478,   0.000
 1479,  21.229
 1480,   0.000
 1481,  21.229
 1482,   0.000
 1483,  21.229
 1484,   0.000
 1485,  21.229
 1486,   0.000
 1487,  21.229
 1488,   0.000
 1489,  21.229
 1490,   0.000
 1491,  21.229
 1492,   0.000
 1493,  21.229
 1494,   0.000
 1495,  21.229
 1496,   0.000
 1497,  21.229
 1498,   0.000
 1499,  21.229
 1500,   0.000
 1501,  21.229
 1502,   0.000
 1503,  21.229
 1504,   0.000
 1505,  20.926
 1506,   0.000
 1507,  20.926
 1508,   0.000
 1509,  20.926
 1510,   0.000
 1511,  20.926
 1512,   0.000
 1513,  20.926
 1514,   0.000
 1515,  20.926
 1516,   0.000
 1517,  20.926
 1518,   0.000
 1519,  20.926
 1520,   0.000
 1521,  20.926
 1522,   0.000
 1523,  20.926
 1524,   0.000
 1525,  20.926
 1526,   0.000
 1527,  20.926
 1528,   0.000
 1529,  20.926
 1530,   0.000
 1531,  20.926
 1532,   0.000
 1533,  20.926
 1534,   0.000
 1535,  20.926
 1536, 121.158
 1537,  33.167
 1538, 121.158
 1539,  33.167
 1540, 121.158
 1541,  33.167
 1542, 121.158
 1543,  33.167
 1544, 121.158
 1545,  33.167
 1546, 121.158
 1547,  33.167
 1548, 121.158
 1549,  33.167
 1550, 121.158
 1551,  33.167
 1552, 121.158
 1553,  33.167
 1554, 121.158
 1555,  33.167
 1556, 121.158
 1557,  33.167
 1558, 121.158
 1559,  33.167
 1560, 121.158
 1561,  33.167
 1562, 121.158
 1563,  33.167
 1564, 121.158
 1565,  33.167
 1566, 121.158
 1567,  33.167
 1568, 121.131
 1569,  35.256
 1570, 121.131
 1571,  35.256
 1572, 121.131
 1573,  35.256
 1574, 121.131
 1575,  35.256
 1576, 121.131
 1577,  35.256
 1578, 121.131
 1579,  35.256
 1580, 121.131
 1581,  35.256
 1582, 121.131
 1583,  35.256
 1584, 121.131
 1585,  35.256
 1586, 121.131
 1587,  35.256
 1588, 121.131
 1589,  35.256
 1590, 121.131
 1591,  35.256
 1592, 121.131
 1593,  35.256
 1594, 121.131
 1595,  35.256
 1596, 121.131
 1597,  35.256
 1598, 121.131
 1599,  35.256
 1600, 121.912
 1601,  34.958
 1602, 121.912
 1603,  34.958
 1604, 121.912
 1605,  34.958
 1606, 121.912
 1607,  34.958
 1608, 121.912
 1609,  34.958
 1610, 121.912
 1611,  34.958
 1612, 121.912
 1613,  34.958
 1614, 121.912
 1615,  34.958
 1616, 121.912
 1617,  34.958
 1618, 121.912
 1619,  34.958
 1620, 121.912
 1621,  34.958
 1622, 121.912
 1623,  34.958
 1624, 121.912
 1625,  34.958
 1626, 121.912
 1627,  34.958
 1628, 121.912
 1629,  34.958
 1630, 121.912
 1631,  34.958
 1632, 122.141
 1633,  35.933
 1634, 122.141
 1635,  35.933
 1636, 122.141
 1637,  35.933
 1638, 122.141
 1639,  35.933
 1640, 122.141
 1641,  35.933
 1642, 122.141
 1643,  35.933
 1644, 122.141
 1645,  35.933
 1646, 122.141
 1647,  35.933
 1648, 122.141
 1649,  35.933
 1650, 122.141
 1651,  35.933
 1652, 122.141
 1653,  35.933
 1654, 122.141
 1655,  35.933
 1656, 122.141
 1657,  35.933
 1658, 122.141
 1659,  35.933
 1660, 122.141
 1661,  35.933
 1662, 122.141
 1663,  35.933
 1664, 120.588
 1665,  34.116
 1666, 120.588
 1667,  34.116
 1668, 120.588
 1669,  34.116
 1670, 120.588
 1671,  34.116
 1672, 120.588
 1673,  34.116
 1674, 120.588
 1675,  34.116
 1676, 120.588
 1677,  34.116
 1678, 120.588
 1679,  34.116
 1680, 120.588
 1681,  34.116
 1682, 120.588
 1683,  34.116
 1684, 120.588
 1685,  34.116
 1686, 120.588
 1687,  34.116
 1688, 120.588
 1689,  34.116
 1690, 120.588
 1691,  34.116
 1692, 120.588
 1693,  34.116
 1694, 120.588
 1695,  34.116
 1696, 121.330
 1697,  35.090
 1698, 121.330
 1699,  35.090
 1700, 121.330
 1701,  35.090
 1702, 121.330
 1703,  35.090
 1704, 121.330
 1705,  35.090
 1706, 121.330
 1707,  35.090
 1708, 121.330
 1709,  35.090
 1710, 121.330
 1711,  35.090
 1712, 121.330
 1713,  35.090
 1714, 121.330
 1715,  35.090
 1716, 121.330
 1717,  35.090
 1718, 121.330
 1719,  35.090
 1720, 121.330
 1721,  35.090
 1722, 121.330
 1723,  35.090
 1724, 121.330
 1725,  35.090
 1726, 121.330
 1727,  35.090
 1728, 121.728
 1729,  35.937
 1730, 121.728
 1731,  35.937
 1732, 121.728
 1733,  35.937
 1734, 121.728
 1735,  35.937
 1736, 121.728
 1737,  35.937
 1738, 121.728
 1739,  35.937
 1740, 121.728
 1741,  35.937
 1742, 121.728
 1743,  35.937
 1744, 121.728
 1745,  35.937
 1746, 121.728
 1747,  35.937
 1748, 121.728
 1749,  35.937
 1750, 121.728
 1751,  35.937
 1752, 121.728
 1753,  35.937
 1754, 121.728
 1755,  35.937
 1756, 121.728
 1757,  35.937
 1758, 121.728
 1759,  35.937
 1760, 122.544
 1761,  36.063
 1762, 122.544
 1763,  36.063
 1764, 122.544
 1765,  36.063
 1766, 122.544
 1767,  36.063
 1768, 122.544
 1769,  36.063
 1770, 122.544
 1771,  36.063
 1772, 122.544
 1773,  36.063
 1774, 122.544
 1775,  36.063
 1776, 122.544
 1777,  36.063
 1778, 122.544
 1779,  36.063
 1780, 122.544
 1781,  36.063
 1782, 122.544
 1783,  36.063
 1784, 122.544
 1785,  36.063
 1786, 122.544
 1787,  36.063
 1788, 122.544
 1789,  36.063
 1790, 122.544
 1791,  36.063
 1792,  19.349
 1793,  41.676
 1794,  19.349
 1795,  41.676
 1796,  19.349
 1797,  41.676
 1798,  19.349
 1799,  41.676
 1800,  19.349
 1801,  41.676
 1802,  19.349
 1803,  41.676
 1804,  19.349
 1805,  41.676
 1806,  19.349
 1807,  41.676
 1808,  19.349
 1809,  41.676
 1810,  19.349
 1811,  41.676
 1812,  19.349
 1813,  41.676
 1814,  19.349
 1815,  41.676
 1816,  19.349
 1817,  41.676
 1818,  19.349
 1819,  41.676
 1820,  19.349
 1821,  41.676
 1822,  19.349
 1823,  41.676
 1824,  19.366
 1825,  42.516
 1826,  19.366
 1827,  42.516
 1828,  19.366
 1829,  42.516
 1830,  19.366
 1831,  42.516
 1832,  19.366
 1833,  42.516
 1834,  19.366
 1835,  42.516
 1836,  19.366
 1837,  42.516
 1838,  19.366
 1839,  42.516
 1840,  19.366
 1841,  42.516
 1842,  19.366
 1843,  42.516
 1844,  19.366
 1845,  42.516
 1846,  19.366
 1847,  42.516
 1848,  19.366
 1849,  42.516
 1850,  19.366
 1851,  42.516
 1852,  19.366
 1853,  42.516
 1854,  19.366
 1855,  42.516
 1856,  19.743
 1857,  42.281
 1858,  19.743
 1859,  42.281
 1860,  19.743
 1861,  42.281
 1862,  19.743
 1863,  42.281
 1864,  19.743
 1865,  42.281
 1866,  19.743
 1867,  42.281
 1868,  19.743
 1869,  42.281
 1870,  19.743
 1871,  42.281
 1872,  19.743
 1873,  42.281
 1874,  19.743
 1875,  42.281
 1876,  19.743
 1877,  42.281
 1878,  19.743
 1879,  42.281
 1880,  19.743
 1881,  42.281
 1882,  19.743
 1883,  42.281
 1884,  19.743
 1885,  42.281
 1886,  19.743
 1887,  42.281
 1888,  21.087
 1889,  42.932
 1890,  21.087
 1891,  42.932
 1892,  21.087
 1893,  42.932
 1894,  21.087
 1895,  42.932
 1896,  21.087
 1897,  42.932
 1898,  21.087
 1899,  42.932
 1900,  21.087
 1901,  42.932
 1902,  21.087
 1903,  42.932
 1904,  21.087
 1905,  42.932
 1906,  21.087
 1907,  42.932
 1908,  21.087
 1909,  42.932
 1910,  21.087
 1911,  42.932
 1912,  21.087
 1913,  42.932
 1914,  21.087
 1915,  42.932
 1916,  21.087
 1917,  42.932
 1918,  21.087
 1919,  42.932
 1920,  18.736
 1921,  40.710
 1922,  18.736
 1923,  40.710
 1924,  18.736
 1925,  40.710
 1926,  18.736
 1927,  40.710
 1928,  18.736
 1929,  40.710
 1930,  18.736
 1931,  40.710
 1932,  18.736
 1933,  40.710
 1934,  18.736
 1935,  40.710
 1936,  18.736
 1937,  40.710
 1938,  18.736
 1939,  40.710
 1940,  18.736
 1941,  40.710
 1942,  18.736
 1943,  40.710
 1944,  18.736
 1945,  40.710
 1946,  18.736
 1947,  40.710
 1948,  18.736
 1949,  40.710
 1950,  18.736
 1951,  40.710
 1952,  18.272
 1953,  43.717
 1954,  18.272
 1955,  43.717
 1956,  18.272
 1957,  43.717
 1958,  18.272
 1959,  43.717
 1960,  18.272
 1961,  43.717
 1962,  18.272
 1963,  43.717
 1964,  18.272
 1965,  43.717
 1966,  18.272
 1967,  43.717
 1968,  18.272
 1969,  43.717
 1970,  18.272
 1971,  43.717
 1972,  18.272
 1973,  43.717
 1974,  18.272
 1975,  43.717
 1976,  18.272
 1977,  43.717
 1978,  18.272
 1979,  43.717
 1980,  18.272
 1981,  43.717
 1982,  18.272
 1983,  43.717
 1984,  19.660
 1985,  41.794
 1986,  19.660
 1987,  41.794
 1988,  19.660
 1989,  41.794
 1990,  19.660
 1991,  41.794
 1992,  19.660
 1993,  41.794
 1994,  19.660
 1995,  41.794
 1996,  19.660
 1997,  41.794
 1998,  19.660
 1999,  41.794
 2000,  19.660
 2001,  41.794
 2002,  19.660
 2003,  41.794
 2004,  19.660
 2005,  41.794
 2006,  19.660
 2007,  41.794
 2008,  19.660
 2009,  41.794
 2010,  19.660
 2011,  41.794
 2012,  19.660
 2013,  41.794
 2014,  19.660
 2015,  41.794
 2016,  19.585
 2017,  43.354
 2018,  19.585
 2019,  43.354
 2020,  19.585
 2021,  43.354
 2022,  19.585
 2023,  43.354
 2024,  19.585
 2025,  43.354
 2026,  19.585
 2027,  43.354
 2028,  19.585
 2029,  43.354
 2030,  19.585
 2031,  43.354
 2032,  19.585
 2033,  43.354
 2034,  19.585
 2035,  43.354
 2036,  19.585
 2037,  43.354
 2038,  19.585
 2039,  43.354
 2040,  19.585
 2041,  43.354
 2042,  19.585
 2043,  43.354
 2044,  19.585
 2045,  43.354
 2046,  19.585
 2047,  43.354
 2048,  46.530
 2049,   0.000
 2050,  46.530
 2051,   0.000
 2052,  46.530
 2053,   0.000
 2054,  46.530
 2055,   0.000
 2056,  46.530
 2057,   0.000
 2058,  46.530
 2059,   0.000
 2060,  46.530
 2061,   0.000
 2062,  46.530
 2063,   0.000
 2064,  46.530
 2065,   0.000
 2066,  46.530
 2067,   0.000
 2068,  46.530
 2069,   0.000
 2070,  46.530
 2071,   0.000
 2072,  46.530
 2073,   0.000
 2074,  46.530
 2075,   0.000
 2076,  46.530
 2077,   0.000
 2078,  46.530
 2079,   0.000
 2080,  49.013
 2081,   0.000
 2082,  49.013
 2083,   0.000
 2084,  49.013
 2085,   0.000
 2086,  49.013
 2087,   0.000
 2088,  49.013
 2089,   0.000
 2090,  49.013
 2091,   0.000
 2092,  49.013
 2093,   0.000
 2094,  49.013
 2095,   0.000
 2096,  49.013
 2097,   0.000
 2098,  49.013
 2099,   0.000
 2100,  49.013
 2101,   0.000
 2102,  49.013
 2103,   0.000
 2104,  49.013
 2105,   0.000
 2106,  49.013
 2107,   0.000
 2108,  49.013
 2109,   0.000
 2110,  49.013
 2111,   0.000
 2112,  49.175
 2113,   0.000
 2114,  49.175
 2115,   0.000
 2116,  49.175
 2117,   0.000
 2118,  49.175
 2119,   0.000
 2120,  49.175
 2121,   0.000
 2122,  49.175
 2123,   0.000
 2124,  49.175
 2125,   0.000
 2126,  49.175
 2127,   0.000
 2128,  49.175
 2129,   0.000
 2130,  49.175
 2131,   0.000
 2132,  49.175
 2133,   0.000
 2134,  49.175
 2135,   0.000
 2136,  49.175
 2137,   0.000
 2138,  49.175
 2139,   0.000
 2140,  49.175
 2141,   0.000
 2142,  49.175
 2143,   0.000
 2144,  49.379
 2145,   0.000
 2146,  49.379
 2147,   0.000
 2148,  49.379
 2149,   0.000
 2150,  49.379
 2151,   0.000
 2152,  49.379
 2153,   0.000
 2154,  49.379
 2155,   0.000
 2156,  49.379
 2157,   0.000
 2158,  49.379
 2159,   0.000
 2160,  49.379
 2161,   0.000
 2162,  49.379
 2163,   0.000
 2164,  49.379
 2165,   0.000
 2166,  49.379
 2167,   0.000
 2168,  49.379
 2169,   0.000
 2170,  49.379
 2171,   0.000
 2172,  49.379
 2173,   0.000
 2174,  49.379
 2175,   0.000
 2176,  47.018
 2177,   0.000
 2178,  47.018
 2179,   0.000
 2180,  47.018
 2181,   0.000
 2182,  47.018
 2183,   0.000
 2184,  47.018
 2185,   0.000
 2186,  47.018
 2187,   0.000
 2188,  47.018
 2189,   0.000
 2190,  47.018
 2191,   0.000
 2192,  47.018
 2193,   0.000
 2194,  47.018
 2195,   0.000
 2196,  47.018
 2197,   0.000
 2198,  47.018
 2199,   0.000
 2200,  47.018
 2201,   0.000
 2202,  47.018
 2203,   0.000
 2204,  47.018
 2205,   0.000
 2206,  47.018
 2207,   0.000
 2208,  46.865
 2209,   0.000
 2210,  46.865
 2211,   0.000
 2212,  46.865
 2213,   0.000
 2214,  46.865
 2215,   0.000
 2216,  46.865
 2217,   0.000
 2218,  46.865
 2219,   0.000
 2220,  46.865
 2221,   0.000
 2222,  46.865
 2223,   0.000
 2224,  46.865
 2225,   0.000
 2226,  46.865
 2227,   0.000
 2228,  46.865
 2229,   0.000
 2230,  46.865
 2231,   0.000
 2232,  46.865
 2233,   0.000
 2234,  46.865
 2235,   0.000
 2236,  46.865
 2237,   0.000
 2238,  46.865
 2239,   0.000
 2240,  49.136
 2241,   0.000
 2242,  49.136
 2243,   0.000
 2244,  49.136
 2245,   0.000
 2246,  49.136
 2247,   0.000
 2248,  49.136
 2249,   0.000
 2250,  49.136
 2251,   0.000
 2252,  49.136
 2253,   0.000
 2254,  49.136
 2255,   0.000
 2256,  49.136
 2257,   0.000
 2258,  49.136
 2259,   0.000
 2260,  49.136
 2261,   0.000
 2262,  49.136
 2263,   0.000
 2264,  49.136
 2265,   0.000
 2266,  49.136
 2267,   0.000
 2268,  49.136
 2269,   0.000
 2270,  49.136
 2271,   0.000
 2272,  49.290
 2273,   0.000
 2274,  49.290
 2275,   0.000
 2276,  49.290
 2277,   0.000
 2278,  49.290
 2279,   0.000
 2280,  49.290
 2281,   0.000
 2282,  49.290
 2283,   0.000
 2284,  49.290
 2285,   0.000
 2286,  49.290
 2287,   0.000
 2288,  49.290
 2289,   0.000
 2290,  49.290
 2291,   0.000
 2292,  49.290
 2293,   0.000
 2294,  49.290
 2295,   0.000
 2296,  49.290
 2297,   0.000
 2298,  49.290
 2299,   0.000
 2300,  49.290
 2301,   0.000
 2302,  49.290
 2303,   0.000
