TABLE CRVTime  123660-123660
#  123660 cid 302
# channel,timeOffset
    0,   0.000
    1,  25.510
    2,   0.000
    3,  25.510
    4,   0.000
    5,  25.510
    6,   0.000
    7,  25.510
    8,   0.000
    9,  25.510
   10,   0.000
   11,  25.510
   12,   0.000
   13,  25.510
   14,   0.000
   15,  25.510
   16,   0.000
   17,  25.510
   18,   0.000
   19,  25.510
   20,   0.000
   21,  25.510
   22,   0.000
   23,  25.510
   24,   0.000
   25,  25.510
   26,   0.000
   27,  25.510
   28,   0.000
   29,  25.510
   30,   0.000
   31,  25.510
   32,  -0.004
   33,  26.450
   34,  -0.004
   35,  26.450
   36,  -0.004
   37,  26.450
   38,  -0.004
   39,  26.450
   40,  -0.004
   41,  26.450
   42,  -0.004
   43,  26.450
   44,  -0.004
   45,  26.450
   46,  -0.004
   47,  26.450
   48,  -0.004
   49,  26.450
   50,  -0.004
   51,  26.450
   52,  -0.004
   53,  26.450
   54,  -0.004
   55,  26.450
   56,  -0.004
   57,  26.450
   58,  -0.004
   59,  26.450
   60,  -0.004
   61,  26.450
   62,  -0.004
   63,  26.450
   64,   1.120
   65,  26.236
   66,   1.120
   67,  26.236
   68,   1.120
   69,  26.236
   70,   1.120
   71,  26.236
   72,   1.120
   73,  26.236
   74,   1.120
   75,  26.236
   76,   1.120
   77,  26.236
   78,   1.120
   79,  26.236
   80,   1.120
   81,  26.236
   82,   1.120
   83,  26.236
   84,   1.120
   85,  26.236
   86,   1.120
   87,  26.236
   88,   1.120
   89,  26.236
   90,   1.120
   91,  26.236
   92,   1.120
   93,  26.236
   94,   1.120
   95,  26.236
   96,   1.837
   97,  27.366
   98,   1.837
   99,  27.366
  100,   1.837
  101,  27.366
  102,   1.837
  103,  27.366
  104,   1.837
  105,  27.366
  106,   1.837
  107,  27.366
  108,   1.837
  109,  27.366
  110,   1.837
  111,  27.366
  112,   1.837
  113,  27.366
  114,   1.837
  115,  27.366
  116,   1.837
  117,  27.366
  118,   1.837
  119,  27.366
  120,   1.837
  121,  27.366
  122,   1.837
  123,  27.366
  124,   1.837
  125,  27.366
  126,   1.837
  127,  27.366
  128,  -7.372
  129,  25.368
  130,  -7.372
  131,  25.368
  132,  -7.372
  133,  25.368
  134,  -7.372
  135,  25.368
  136,  -7.372
  137,  25.368
  138,  -7.372
  139,  25.368
  140,  -7.372
  141,  25.368
  142,  -7.372
  143,  25.368
  144,  -7.372
  145,  25.368
  146,  -7.372
  147,  25.368
  148,  -7.372
  149,  25.368
  150,  -7.372
  151,  25.368
  152,  -7.372
  153,  25.368
  154,  -7.372
  155,  25.368
  156,  -7.372
  157,  25.368
  158,  -7.372
  159,  25.368
  160,  -6.377
  161,  25.528
  162,  -6.377
  163,  25.528
  164,  -6.377
  165,  25.528
  166,  -6.377
  167,  25.528
  168,  -6.377
  169,  25.528
  170,  -6.377
  171,  25.528
  172,  -6.377
  173,  25.528
  174,  -6.377
  175,  25.528
  176,  -6.377
  177,  25.528
  178,  -6.377
  179,  25.528
  180,  -6.377
  181,  25.528
  182,  -6.377
  183,  25.528
  184,  -6.377
  185,  25.528
  186,  -6.377
  187,  25.528
  188,  -6.377
  189,  25.528
  190,  -6.377
  191,  25.528
  192,  -5.853
  193,  25.782
  194,  -5.853
  195,  25.782
  196,  -5.853
  197,  25.782
  198,  -5.853
  199,  25.782
  200,  -5.853
  201,  25.782
  202,  -5.853
  203,  25.782
  204,  -5.853
  205,  25.782
  206,  -5.853
  207,  25.782
  208,  -5.853
  209,  25.782
  210,  -5.853
  211,  25.782
  212,  -5.853
  213,  25.782
  214,  -5.853
  215,  25.782
  216,  -5.853
  217,  25.782
  218,  -5.853
  219,  25.782
  220,  -5.853
  221,  25.782
  222,  -5.853
  223,  25.782
  224,  -4.925
  225,  26.646
  226,  -4.925
  227,  26.646
  228,  -4.925
  229,  26.646
  230,  -4.925
  231,  26.646
  232,  -4.925
  233,  26.646
  234,  -4.925
  235,  26.646
  236,  -4.925
  237,  26.646
  238,  -4.925
  239,  26.646
  240,  -4.925
  241,  26.646
  242,  -4.925
  243,  26.646
  244,  -4.925
  245,  26.646
  246,  -4.925
  247,  26.646
  248,  -4.925
  249,  26.646
  250,  -4.925
  251,  26.646
  252,  -4.925
  253,  26.646
  254,  -4.925
  255,  26.646
  256, 110.101
  257,  26.835
  258, 110.101
  259,  26.835
  260, 110.101
  261,  26.835
  262, 110.101
  263,  26.835
  264, 110.101
  265,  26.835
  266, 110.101
  267,  26.835
  268, 110.101
  269,  26.835
  270, 110.101
  271,  26.835
  272, 110.101
  273,  26.835
  274, 110.101
  275,  26.835
  276, 110.101
  277,  26.835
  278, 110.101
  279,  26.835
  280, 110.101
  281,  26.835
  282, 110.101
  283,  26.835
  284, 110.101
  285,  26.835
  286, 110.101
  287,  26.835
  288, 110.288
  289,  27.498
  290, 110.288
  291,  27.498
  292, 110.288
  293,  27.498
  294, 110.288
  295,  27.498
  296, 110.288
  297,  27.498
  298, 110.288
  299,  27.498
  300, 110.288
  301,  27.498
  302, 110.288
  303,  27.498
  304, 110.288
  305,  27.498
  306, 110.288
  307,  27.498
  308, 110.288
  309,  27.498
  310, 110.288
  311,  27.498
  312, 110.288
  313,  27.498
  314, 110.288
  315,  27.498
  316, 110.288
  317,  27.498
  318, 110.288
  319,  27.498
  320, 111.099
  321,  27.030
  322, 111.099
  323,  27.030
  324, 111.099
  325,  27.030
  326, 111.099
  327,  27.030
  328, 111.099
  329,  27.030
  330, 111.099
  331,  27.030
  332, 111.099
  333,  27.030
  334, 111.099
  335,  27.030
  336, 111.099
  337,  27.030
  338, 111.099
  339,  27.030
  340, 111.099
  341,  27.030
  342, 111.099
  343,  27.030
  344, 111.099
  345,  27.030
  346, 111.099
  347,  27.030
  348, 111.099
  349,  27.030
  350, 111.099
  351,  27.030
  352, 112.206
  353,  28.102
  354, 112.206
  355,  28.102
  356, 112.206
  357,  28.102
  358, 112.206
  359,  28.102
  360, 112.206
  361,  28.102
  362, 112.206
  363,  28.102
  364, 112.206
  365,  28.102
  366, 112.206
  367,  28.102
  368, 112.206
  369,  28.102
  370, 112.206
  371,  28.102
  372, 112.206
  373,  28.102
  374, 112.206
  375,  28.102
  376, 112.206
  377,  28.102
  378, 112.206
  379,  28.102
  380, 112.206
  381,  28.102
  382, 112.206
  383,  28.102
  384,  -0.100
  385,  26.594
  386,  -0.100
  387,  26.594
  388,  -0.100
  389,  26.594
  390,  -0.100
  391,  26.594
  392,  -0.100
  393,  26.594
  394,  -0.100
  395,  26.594
  396,  -0.100
  397,  26.594
  398,  -0.100
  399,  26.594
  400,  -0.100
  401,  26.594
  402,  -0.100
  403,  26.594
  404,  -0.100
  405,  26.594
  406,  -0.100
  407,  26.594
  408,  -0.100
  409,  26.594
  410,  -0.100
  411,  26.594
  412,  -0.100
  413,  26.594
  414,  -0.100
  415,  26.594
  416,   0.421
  417,  27.047
  418,   0.421
  419,  27.047
  420,   0.421
  421,  27.047
  422,   0.421
  423,  27.047
  424,   0.421
  425,  27.047
  426,   0.421
  427,  27.047
  428,   0.421
  429,  27.047
  430,   0.421
  431,  27.047
  432,   0.421
  433,  27.047
  434,   0.421
  435,  27.047
  436,   0.421
  437,  27.047
  438,   0.421
  439,  27.047
  440,   0.421
  441,  27.047
  442,   0.421
  443,  27.047
  444,   0.421
  445,  27.047
  446,   0.421
  447,  27.047
  448,   1.283
  449,  26.818
  450,   1.283
  451,  26.818
  452,   1.283
  453,  26.818
  454,   1.283
  455,  26.818
  456,   1.283
  457,  26.818
  458,   1.283
  459,  26.818
  460,   1.283
  461,  26.818
  462,   1.283
  463,  26.818
  464,   1.283
  465,  26.818
  466,   1.283
  467,  26.818
  468,   1.283
  469,  26.818
  470,   1.283
  471,  26.818
  472,   1.283
  473,  26.818
  474,   1.283
  475,  26.818
  476,   1.283
  477,  26.818
  478,   1.283
  479,  26.818
  480,   2.047
  481,  28.038
  482,   2.047
  483,  28.038
  484,   2.047
  485,  28.038
  486,   2.047
  487,  28.038
  488,   2.047
  489,  28.038
  490,   2.047
  491,  28.038
  492,   2.047
  493,  28.038
  494,   2.047
  495,  28.038
  496,   2.047
  497,  28.038
  498,   2.047
  499,  28.038
  500,   2.047
  501,  28.038
  502,   2.047
  503,  28.038
  504,   2.047
  505,  28.038
  506,   2.047
  507,  28.038
  508,   2.047
  509,  28.038
  510,   2.047
  511,  28.038
  512,  10.863
  513,  36.448
  514,  10.863
  515,  36.448
  516,  10.863
  517,  36.448
  518,  10.863
  519,  36.448
  520,  10.863
  521,  36.448
  522,  10.863
  523,  36.448
  524,  10.863
  525,  36.448
  526,  10.863
  527,  36.448
  528,  10.863
  529,  36.448
  530,  10.863
  531,  36.448
  532,  10.863
  533,  36.448
  534,  10.863
  535,  36.448
  536,  10.863
  537,  36.448
  538,  10.863
  539,  36.448
  540,  10.863
  541,  36.448
  542,  10.863
  543,  36.448
  544,  11.037
  545,  37.462
  546,  11.037
  547,  37.462
  548,  11.037
  549,  37.462
  550,  11.037
  551,  37.462
  552,  11.037
  553,  37.462
  554,  11.037
  555,  37.462
  556,  11.037
  557,  37.462
  558,  11.037
  559,  37.462
  560,  11.037
  561,  37.462
  562,  11.037
  563,  37.462
  564,  11.037
  565,  37.462
  566,  11.037
  567,  37.462
  568,  11.037
  569,  37.462
  570,  11.037
  571,  37.462
  572,  11.037
  573,  37.462
  574,  11.037
  575,  37.462
  576,  11.574
  577,  38.939
  578,  11.574
  579,  38.939
  580,  11.574
  581,  38.939
  582,  11.574
  583,  38.939
  584,  11.574
  585,  38.939
  586,  11.574
  587,  38.939
  588,  11.574
  589,  38.939
  590,  11.574
  591,  38.939
  592,  11.574
  593,  38.939
  594,  11.574
  595,  38.939
  596,  11.574
  597,  38.939
  598,  11.574
  599,  38.939
  600,  11.574
  601,  38.939
  602,  11.574
  603,  38.939
  604,  11.574
  605,  38.939
  606,  11.574
  607,  38.939
  608,  12.123
  609,  38.130
  610,  12.123
  611,  38.130
  612,  12.123
  613,  38.130
  614,  12.123
  615,  38.130
  616,  12.123
  617,  38.130
  618,  12.123
  619,  38.130
  620,  12.123
  621,  38.130
  622,  12.123
  623,  38.130
  624,  12.123
  625,  38.130
  626,  12.123
  627,  38.130
  628,  12.123
  629,  38.130
  630,  12.123
  631,  38.130
  632,  12.123
  633,  38.130
  634,  12.123
  635,  38.130
  636,  12.123
  637,  38.130
  638,  12.123
  639,  38.130
  640,   7.957
  641,  33.835
  642,   7.957
  643,  33.835
  644,   7.957
  645,  33.835
  646,   7.957
  647,  33.835
  648,   7.957
  649,  33.835
  650,   7.957
  651,  33.835
  652,   7.957
  653,  33.835
  654,   7.957
  655,  33.835
  656,   7.957
  657,  33.835
  658,   7.957
  659,  33.835
  660,   7.957
  661,  33.835
  662,   7.957
  663,  33.835
  664,   7.957
  665,  33.835
  666,   7.957
  667,  33.835
  668,   7.957
  669,  33.835
  670,   7.957
  671,  33.835
  672,   9.780
  673,  34.690
  674,   9.780
  675,  34.690
  676,   9.780
  677,  34.690
  678,   9.780
  679,  34.690
  680,   9.780
  681,  34.690
  682,   9.780
  683,  34.690
  684,   9.780
  685,  34.690
  686,   9.780
  687,  34.690
  688,   9.780
  689,  34.690
  690,   9.780
  691,  34.690
  692,   9.780
  693,  34.690
  694,   9.780
  695,  34.690
  696,   9.780
  697,  34.690
  698,   9.780
  699,  34.690
  700,   9.780
  701,  34.690
  702,   9.780
  703,  34.690
  704,   9.265
  705,  35.234
  706,   9.265
  707,  35.234
  708,   9.265
  709,  35.234
  710,   9.265
  711,  35.234
  712,   9.265
  713,  35.234
  714,   9.265
  715,  35.234
  716,   9.265
  717,  35.234
  718,   9.265
  719,  35.234
  720,   9.265
  721,  35.234
  722,   9.265
  723,  35.234
  724,   9.265
  725,  35.234
  726,   9.265
  727,  35.234
  728,   9.265
  729,  35.234
  730,   9.265
  731,  35.234
  732,   9.265
  733,  35.234
  734,   9.265
  735,  35.234
  736,  10.171
  737,  36.110
  738,  10.171
  739,  36.110
  740,  10.171
  741,  36.110
  742,  10.171
  743,  36.110
  744,  10.171
  745,  36.110
  746,  10.171
  747,  36.110
  748,  10.171
  749,  36.110
  750,  10.171
  751,  36.110
  752,  10.171
  753,  36.110
  754,  10.171
  755,  36.110
  756,  10.171
  757,  36.110
  758,  10.171
  759,  36.110
  760,  10.171
  761,  36.110
  762,  10.171
  763,  36.110
  764,  10.171
  765,  36.110
  766,  10.171
  767,  36.110
  768,   9.560
  769,  34.244
  770,   9.560
  771,  34.244
  772,   9.560
  773,  34.244
  774,   9.560
  775,  34.244
  776,   9.560
  777,  34.244
  778,   9.560
  779,  34.244
  780,   9.560
  781,  34.244
  782,   9.560
  783,  34.244
  784,   9.560
  785,  34.244
  786,   9.560
  787,  34.244
  788,   9.560
  789,  34.244
  790,   9.560
  791,  34.244
  792,   9.560
  793,  34.244
  794,   9.560
  795,  34.244
  796,   9.560
  797,  34.244
  798,   9.560
  799,  34.244
  800,  10.234
  801,  35.437
  802,  10.234
  803,  35.437
  804,  10.234
  805,  35.437
  806,  10.234
  807,  35.437
  808,  10.234
  809,  35.437
  810,  10.234
  811,  35.437
  812,  10.234
  813,  35.437
  814,  10.234
  815,  35.437
  816,  10.234
  817,  35.437
  818,  10.234
  819,  35.437
  820,  10.234
  821,  35.437
  822,  10.234
  823,  35.437
  824,  10.234
  825,  35.437
  826,  10.234
  827,  35.437
  828,  10.234
  829,  35.437
  830,  10.234
  831,  35.437
  832,  10.351
  833,  36.095
  834,  10.351
  835,  36.095
  836,  10.351
  837,  36.095
  838,  10.351
  839,  36.095
  840,  10.351
  841,  36.095
  842,  10.351
  843,  36.095
  844,  10.351
  845,  36.095
  846,  10.351
  847,  36.095
  848,  10.351
  849,  36.095
  850,  10.351
  851,  36.095
  852,  10.351
  853,  36.095
  854,  10.351
  855,  36.095
  856,  10.351
  857,  36.095
  858,  10.351
  859,  36.095
  860,  10.351
  861,  36.095
  862,  10.351
  863,  36.095
  864,  10.527
  865,  36.180
  866,  10.527
  867,  36.180
  868,  10.527
  869,  36.180
  870,  10.527
  871,  36.180
  872,  10.527
  873,  36.180
  874,  10.527
  875,  36.180
  876,  10.527
  877,  36.180
  878,  10.527
  879,  36.180
  880,  10.527
  881,  36.180
  882,  10.527
  883,  36.180
  884,  10.527
  885,  36.180
  886,  10.527
  887,  36.180
  888,  10.527
  889,  36.180
  890,  10.527
  891,  36.180
  892,  10.527
  893,  36.180
  894,  10.527
  895,  36.180
  896,  10.925
  897,  34.350
  898,  10.925
  899,  34.350
  900,  10.925
  901,  34.350
  902,  10.925
  903,  34.350
  904,  10.925
  905,  34.350
  906,  10.925
  907,  34.350
  908,  10.925
  909,  34.350
  910,  10.925
  911,  34.350
  912,  10.925
  913,  34.350
  914,  10.925
  915,  34.350
  916,  10.925
  917,  34.350
  918,  10.925
  919,  34.350
  920,  10.925
  921,  34.350
  922,  10.925
  923,  34.350
  924,  10.925
  925,  34.350
  926,  10.925
  927,  34.350
  928,  11.562
  929,  34.620
  930,  11.562
  931,  34.620
  932,  11.562
  933,  34.620
  934,  11.562
  935,  34.620
  936,  11.562
  937,  34.620
  938,  11.562
  939,  34.620
  940,  11.562
  941,  34.620
  942,  11.562
  943,  34.620
  944,  11.562
  945,  34.620
  946,  11.562
  947,  34.620
  948,  11.562
  949,  34.620
  950,  11.562
  951,  34.620
  952,  11.562
  953,  34.620
  954,  11.562
  955,  34.620
  956,  11.562
  957,  34.620
  958,  11.562
  959,  34.620
  960,  12.980
  961,  35.614
  962,  12.980
  963,  35.614
  964,  12.980
  965,  35.614
  966,  12.980
  967,  35.614
  968,  12.980
  969,  35.614
  970,  12.980
  971,  35.614
  972,  12.980
  973,  35.614
  974,  12.980
  975,  35.614
  976,  12.980
  977,  35.614
  978,  12.980
  979,  35.614
  980,  12.980
  981,  35.614
  982,  12.980
  983,  35.614
  984,  12.980
  985,  35.614
  986,  12.980
  987,  35.614
  988,  12.980
  989,  35.614
  990,  12.980
  991,  35.614
  992,  12.542
  993,  36.161
  994,  12.542
  995,  36.161
  996,  12.542
  997,  36.161
  998,  12.542
  999,  36.161
 1000,  12.542
 1001,  36.161
 1002,  12.542
 1003,  36.161
 1004,  12.542
 1005,  36.161
 1006,  12.542
 1007,  36.161
 1008,  12.542
 1009,  36.161
 1010,  12.542
 1011,  36.161
 1012,  12.542
 1013,  36.161
 1014,  12.542
 1015,  36.161
 1016,  12.542
 1017,  36.161
 1018,  12.542
 1019,  36.161
 1020,  12.542
 1021,  36.161
 1022,  12.542
 1023,  36.161
 1024,   0.000
 1025,  19.027
 1026,   0.000
 1027,  19.027
 1028,   0.000
 1029,  19.027
 1030,   0.000
 1031,  19.027
 1032,   0.000
 1033,  19.027
 1034,   0.000
 1035,  19.027
 1036,   0.000
 1037,  19.027
 1038,   0.000
 1039,  19.027
 1040,   0.000
 1041,  19.027
 1042,   0.000
 1043,  19.027
 1044,   0.000
 1045,  19.027
 1046,   0.000
 1047,  19.027
 1048,   0.000
 1049,  19.027
 1050,   0.000
 1051,  19.027
 1052,   0.000
 1053,  19.027
 1054,   0.000
 1055,  19.027
 1056,   0.000
 1057,  20.425
 1058,   0.000
 1059,  20.425
 1060,   0.000
 1061,  20.425
 1062,   0.000
 1063,  20.425
 1064,   0.000
 1065,  20.425
 1066,   0.000
 1067,  20.425
 1068,   0.000
 1069,  20.425
 1070,   0.000
 1071,  20.425
 1072,   0.000
 1073,  20.425
 1074,   0.000
 1075,  20.425
 1076,   0.000
 1077,  20.425
 1078,   0.000
 1079,  20.425
 1080,   0.000
 1081,  20.425
 1082,   0.000
 1083,  20.425
 1084,   0.000
 1085,  20.425
 1086,   0.000
 1087,  20.425
 1088,   0.000
 1089,  20.588
 1090,   0.000
 1091,  20.588
 1092,   0.000
 1093,  20.588
 1094,   0.000
 1095,  20.588
 1096,   0.000
 1097,  20.588
 1098,   0.000
 1099,  20.588
 1100,   0.000
 1101,  20.588
 1102,   0.000
 1103,  20.588
 1104,   0.000
 1105,  20.588
 1106,   0.000
 1107,  20.588
 1108,   0.000
 1109,  20.588
 1110,   0.000
 1111,  20.588
 1112,   0.000
 1113,  20.588
 1114,   0.000
 1115,  20.588
 1116,   0.000
 1117,  20.588
 1118,   0.000
 1119,  20.588
 1120,   0.000
 1121,  21.189
 1122,   0.000
 1123,  21.189
 1124,   0.000
 1125,  21.189
 1126,   0.000
 1127,  21.189
 1128,   0.000
 1129,  21.189
 1130,   0.000
 1131,  21.189
 1132,   0.000
 1133,  21.189
 1134,   0.000
 1135,  21.189
 1136,   0.000
 1137,  21.189
 1138,   0.000
 1139,  21.189
 1140,   0.000
 1141,  21.189
 1142,   0.000
 1143,  21.189
 1144,   0.000
 1145,  21.189
 1146,   0.000
 1147,  21.189
 1148,   0.000
 1149,  21.189
 1150,   0.000
 1151,  21.189
 1152,   0.000
 1153,  18.574
 1154,   0.000
 1155,  18.574
 1156,   0.000
 1157,  18.574
 1158,   0.000
 1159,  18.574
 1160,   0.000
 1161,  18.574
 1162,   0.000
 1163,  18.574
 1164,   0.000
 1165,  18.574
 1166,   0.000
 1167,  18.574
 1168,   0.000
 1169,  18.574
 1170,   0.000
 1171,  18.574
 1172,   0.000
 1173,  18.574
 1174,   0.000
 1175,  18.574
 1176,   0.000
 1177,  18.574
 1178,   0.000
 1179,  18.574
 1180,   0.000
 1181,  18.574
 1182,   0.000
 1183,  18.574
 1184,   0.000
 1185,  18.680
 1186,   0.000
 1187,  18.680
 1188,   0.000
 1189,  18.680
 1190,   0.000
 1191,  18.680
 1192,   0.000
 1193,  18.680
 1194,   0.000
 1195,  18.680
 1196,   0.000
 1197,  18.680
 1198,   0.000
 1199,  18.680
 1200,   0.000
 1201,  18.680
 1202,   0.000
 1203,  18.680
 1204,   0.000
 1205,  18.680
 1206,   0.000
 1207,  18.680
 1208,   0.000
 1209,  18.680
 1210,   0.000
 1211,  18.680
 1212,   0.000
 1213,  18.680
 1214,   0.000
 1215,  18.680
 1216,   0.000
 1217,  19.421
 1218,   0.000
 1219,  19.421
 1220,   0.000
 1221,  19.421
 1222,   0.000
 1223,  19.421
 1224,   0.000
 1225,  19.421
 1226,   0.000
 1227,  19.421
 1228,   0.000
 1229,  19.421
 1230,   0.000
 1231,  19.421
 1232,   0.000
 1233,  19.421
 1234,   0.000
 1235,  19.421
 1236,   0.000
 1237,  19.421
 1238,   0.000
 1239,  19.421
 1240,   0.000
 1241,  19.421
 1242,   0.000
 1243,  19.421
 1244,   0.000
 1245,  19.421
 1246,   0.000
 1247,  19.421
 1248,   0.000
 1249,  19.296
 1250,   0.000
 1251,  19.296
 1252,   0.000
 1253,  19.296
 1254,   0.000
 1255,  19.296
 1256,   0.000
 1257,  19.296
 1258,   0.000
 1259,  19.296
 1260,   0.000
 1261,  19.296
 1262,   0.000
 1263,  19.296
 1264,   0.000
 1265,  19.296
 1266,   0.000
 1267,  19.296
 1268,   0.000
 1269,  19.296
 1270,   0.000
 1271,  19.296
 1272,   0.000
 1273,  19.296
 1274,   0.000
 1275,  19.296
 1276,   0.000
 1277,  19.296
 1278,   0.000
 1279,  19.296
 1280,   0.000
 1281,  20.513
 1282,   0.000
 1283,  20.513
 1284,   0.000
 1285,  20.513
 1286,   0.000
 1287,  20.513
 1288,   0.000
 1289,  20.513
 1290,   0.000
 1291,  20.513
 1292,   0.000
 1293,  20.513
 1294,   0.000
 1295,  20.513
 1296,   0.000
 1297,  20.513
 1298,   0.000
 1299,  20.513
 1300,   0.000
 1301,  20.513
 1302,   0.000
 1303,  20.513
 1304,   0.000
 1305,  20.513
 1306,   0.000
 1307,  20.513
 1308,   0.000
 1309,  20.513
 1310,   0.000
 1311,  20.513
 1312,   0.000
 1313,  19.758
 1314,   0.000
 1315,  19.758
 1316,   0.000
 1317,  19.758
 1318,   0.000
 1319,  19.758
 1320,   0.000
 1321,  19.758
 1322,   0.000
 1323,  19.758
 1324,   0.000
 1325,  19.758
 1326,   0.000
 1327,  19.758
 1328,   0.000
 1329,  19.758
 1330,   0.000
 1331,  19.758
 1332,   0.000
 1333,  19.758
 1334,   0.000
 1335,  19.758
 1336,   0.000
 1337,  19.758
 1338,   0.000
 1339,  19.758
 1340,   0.000
 1341,  19.758
 1342,   0.000
 1343,  19.758
 1344,   0.000
 1345,  21.063
 1346,   0.000
 1347,  21.063
 1348,   0.000
 1349,  21.063
 1350,   0.000
 1351,  21.063
 1352,   0.000
 1353,  21.063
 1354,   0.000
 1355,  21.063
 1356,   0.000
 1357,  21.063
 1358,   0.000
 1359,  21.063
 1360,   0.000
 1361,  21.063
 1362,   0.000
 1363,  21.063
 1364,   0.000
 1365,  21.063
 1366,   0.000
 1367,  21.063
 1368,   0.000
 1369,  21.063
 1370,   0.000
 1371,  21.063
 1372,   0.000
 1373,  21.063
 1374,   0.000
 1375,  21.063
 1376,   0.000
 1377,  20.559
 1378,   0.000
 1379,  20.559
 1380,   0.000
 1381,  20.559
 1382,   0.000
 1383,  20.559
 1384,   0.000
 1385,  20.559
 1386,   0.000
 1387,  20.559
 1388,   0.000
 1389,  20.559
 1390,   0.000
 1391,  20.559
 1392,   0.000
 1393,  20.559
 1394,   0.000
 1395,  20.559
 1396,   0.000
 1397,  20.559
 1398,   0.000
 1399,  20.559
 1400,   0.000
 1401,  20.559
 1402,   0.000
 1403,  20.559
 1404,   0.000
 1405,  20.559
 1406,   0.000
 1407,  20.559
 1408,   0.000
 1409,  21.585
 1410,   0.000
 1411,  21.585
 1412,   0.000
 1413,  21.585
 1414,   0.000
 1415,  21.585
 1416,   0.000
 1417,  21.585
 1418,   0.000
 1419,  21.585
 1420,   0.000
 1421,  21.585
 1422,   0.000
 1423,  21.585
 1424,   0.000
 1425,  21.585
 1426,   0.000
 1427,  21.585
 1428,   0.000
 1429,  21.585
 1430,   0.000
 1431,  21.585
 1432,   0.000
 1433,  21.585
 1434,   0.000
 1435,  21.585
 1436,   0.000
 1437,  21.585
 1438,   0.000
 1439,  21.585
 1440,   0.000
 1441,  21.822
 1442,   0.000
 1443,  21.822
 1444,   0.000
 1445,  21.822
 1446,   0.000
 1447,  21.822
 1448,   0.000
 1449,  21.822
 1450,   0.000
 1451,  21.822
 1452,   0.000
 1453,  21.822
 1454,   0.000
 1455,  21.822
 1456,   0.000
 1457,  21.822
 1458,   0.000
 1459,  21.822
 1460,   0.000
 1461,  21.822
 1462,   0.000
 1463,  21.822
 1464,   0.000
 1465,  21.822
 1466,   0.000
 1467,  21.822
 1468,   0.000
 1469,  21.822
 1470,   0.000
 1471,  21.822
 1472,   0.000
 1473,  20.391
 1474,   0.000
 1475,  20.391
 1476,   0.000
 1477,  20.391
 1478,   0.000
 1479,  20.391
 1480,   0.000
 1481,  20.391
 1482,   0.000
 1483,  20.391
 1484,   0.000
 1485,  20.391
 1486,   0.000
 1487,  20.391
 1488,   0.000
 1489,  20.391
 1490,   0.000
 1491,  20.391
 1492,   0.000
 1493,  20.391
 1494,   0.000
 1495,  20.391
 1496,   0.000
 1497,  20.391
 1498,   0.000
 1499,  20.391
 1500,   0.000
 1501,  20.391
 1502,   0.000
 1503,  20.391
 1504,   0.000
 1505,  20.088
 1506,   0.000
 1507,  20.088
 1508,   0.000
 1509,  20.088
 1510,   0.000
 1511,  20.088
 1512,   0.000
 1513,  20.088
 1514,   0.000
 1515,  20.088
 1516,   0.000
 1517,  20.088
 1518,   0.000
 1519,  20.088
 1520,   0.000
 1521,  20.088
 1522,   0.000
 1523,  20.088
 1524,   0.000
 1525,  20.088
 1526,   0.000
 1527,  20.088
 1528,   0.000
 1529,  20.088
 1530,   0.000
 1531,  20.088
 1532,   0.000
 1533,  20.088
 1534,   0.000
 1535,  20.088
 1536, 120.508
 1537,  31.832
 1538, 120.508
 1539,  31.832
 1540, 120.508
 1541,  31.832
 1542, 120.508
 1543,  31.832
 1544, 120.508
 1545,  31.832
 1546, 120.508
 1547,  31.832
 1548, 120.508
 1549,  31.832
 1550, 120.508
 1551,  31.832
 1552, 120.508
 1553,  31.832
 1554, 120.508
 1555,  31.832
 1556, 120.508
 1557,  31.832
 1558, 120.508
 1559,  31.832
 1560, 120.508
 1561,  31.832
 1562, 120.508
 1563,  31.832
 1564, 120.508
 1565,  31.832
 1566, 120.508
 1567,  31.832
 1568, 120.481
 1569,  33.921
 1570, 120.481
 1571,  33.921
 1572, 120.481
 1573,  33.921
 1574, 120.481
 1575,  33.921
 1576, 120.481
 1577,  33.921
 1578, 120.481
 1579,  33.921
 1580, 120.481
 1581,  33.921
 1582, 120.481
 1583,  33.921
 1584, 120.481
 1585,  33.921
 1586, 120.481
 1587,  33.921
 1588, 120.481
 1589,  33.921
 1590, 120.481
 1591,  33.921
 1592, 120.481
 1593,  33.921
 1594, 120.481
 1595,  33.921
 1596, 120.481
 1597,  33.921
 1598, 120.481
 1599,  33.921
 1600, 121.262
 1601,  33.623
 1602, 121.262
 1603,  33.623
 1604, 121.262
 1605,  33.623
 1606, 121.262
 1607,  33.623
 1608, 121.262
 1609,  33.623
 1610, 121.262
 1611,  33.623
 1612, 121.262
 1613,  33.623
 1614, 121.262
 1615,  33.623
 1616, 121.262
 1617,  33.623
 1618, 121.262
 1619,  33.623
 1620, 121.262
 1621,  33.623
 1622, 121.262
 1623,  33.623
 1624, 121.262
 1625,  33.623
 1626, 121.262
 1627,  33.623
 1628, 121.262
 1629,  33.623
 1630, 121.262
 1631,  33.623
 1632, 121.491
 1633,  34.598
 1634, 121.491
 1635,  34.598
 1636, 121.491
 1637,  34.598
 1638, 121.491
 1639,  34.598
 1640, 121.491
 1641,  34.598
 1642, 121.491
 1643,  34.598
 1644, 121.491
 1645,  34.598
 1646, 121.491
 1647,  34.598
 1648, 121.491
 1649,  34.598
 1650, 121.491
 1651,  34.598
 1652, 121.491
 1653,  34.598
 1654, 121.491
 1655,  34.598
 1656, 121.491
 1657,  34.598
 1658, 121.491
 1659,  34.598
 1660, 121.491
 1661,  34.598
 1662, 121.491
 1663,  34.598
 1664, 120.117
 1665,  32.862
 1666, 120.117
 1667,  32.862
 1668, 120.117
 1669,  32.862
 1670, 120.117
 1671,  32.862
 1672, 120.117
 1673,  32.862
 1674, 120.117
 1675,  32.862
 1676, 120.117
 1677,  32.862
 1678, 120.117
 1679,  32.862
 1680, 120.117
 1681,  32.862
 1682, 120.117
 1683,  32.862
 1684, 120.117
 1685,  32.862
 1686, 120.117
 1687,  32.862
 1688, 120.117
 1689,  32.862
 1690, 120.117
 1691,  32.862
 1692, 120.117
 1693,  32.862
 1694, 120.117
 1695,  32.862
 1696, 120.859
 1697,  33.836
 1698, 120.859
 1699,  33.836
 1700, 120.859
 1701,  33.836
 1702, 120.859
 1703,  33.836
 1704, 120.859
 1705,  33.836
 1706, 120.859
 1707,  33.836
 1708, 120.859
 1709,  33.836
 1710, 120.859
 1711,  33.836
 1712, 120.859
 1713,  33.836
 1714, 120.859
 1715,  33.836
 1716, 120.859
 1717,  33.836
 1718, 120.859
 1719,  33.836
 1720, 120.859
 1721,  33.836
 1722, 120.859
 1723,  33.836
 1724, 120.859
 1725,  33.836
 1726, 120.859
 1727,  33.836
 1728, 121.257
 1729,  34.683
 1730, 121.257
 1731,  34.683
 1732, 121.257
 1733,  34.683
 1734, 121.257
 1735,  34.683
 1736, 121.257
 1737,  34.683
 1738, 121.257
 1739,  34.683
 1740, 121.257
 1741,  34.683
 1742, 121.257
 1743,  34.683
 1744, 121.257
 1745,  34.683
 1746, 121.257
 1747,  34.683
 1748, 121.257
 1749,  34.683
 1750, 121.257
 1751,  34.683
 1752, 121.257
 1753,  34.683
 1754, 121.257
 1755,  34.683
 1756, 121.257
 1757,  34.683
 1758, 121.257
 1759,  34.683
 1760, 122.073
 1761,  34.809
 1762, 122.073
 1763,  34.809
 1764, 122.073
 1765,  34.809
 1766, 122.073
 1767,  34.809
 1768, 122.073
 1769,  34.809
 1770, 122.073
 1771,  34.809
 1772, 122.073
 1773,  34.809
 1774, 122.073
 1775,  34.809
 1776, 122.073
 1777,  34.809
 1778, 122.073
 1779,  34.809
 1780, 122.073
 1781,  34.809
 1782, 122.073
 1783,  34.809
 1784, 122.073
 1785,  34.809
 1786, 122.073
 1787,  34.809
 1788, 122.073
 1789,  34.809
 1790, 122.073
 1791,  34.809
 1792,  18.545
 1793,  40.669
 1794,  18.545
 1795,  40.669
 1796,  18.545
 1797,  40.669
 1798,  18.545
 1799,  40.669
 1800,  18.545
 1801,  40.669
 1802,  18.545
 1803,  40.669
 1804,  18.545
 1805,  40.669
 1806,  18.545
 1807,  40.669
 1808,  18.545
 1809,  40.669
 1810,  18.545
 1811,  40.669
 1812,  18.545
 1813,  40.669
 1814,  18.545
 1815,  40.669
 1816,  18.545
 1817,  40.669
 1818,  18.545
 1819,  40.669
 1820,  18.545
 1821,  40.669
 1822,  18.545
 1823,  40.669
 1824,  18.562
 1825,  41.509
 1826,  18.562
 1827,  41.509
 1828,  18.562
 1829,  41.509
 1830,  18.562
 1831,  41.509
 1832,  18.562
 1833,  41.509
 1834,  18.562
 1835,  41.509
 1836,  18.562
 1837,  41.509
 1838,  18.562
 1839,  41.509
 1840,  18.562
 1841,  41.509
 1842,  18.562
 1843,  41.509
 1844,  18.562
 1845,  41.509
 1846,  18.562
 1847,  41.509
 1848,  18.562
 1849,  41.509
 1850,  18.562
 1851,  41.509
 1852,  18.562
 1853,  41.509
 1854,  18.562
 1855,  41.509
 1856,  18.939
 1857,  41.274
 1858,  18.939
 1859,  41.274
 1860,  18.939
 1861,  41.274
 1862,  18.939
 1863,  41.274
 1864,  18.939
 1865,  41.274
 1866,  18.939
 1867,  41.274
 1868,  18.939
 1869,  41.274
 1870,  18.939
 1871,  41.274
 1872,  18.939
 1873,  41.274
 1874,  18.939
 1875,  41.274
 1876,  18.939
 1877,  41.274
 1878,  18.939
 1879,  41.274
 1880,  18.939
 1881,  41.274
 1882,  18.939
 1883,  41.274
 1884,  18.939
 1885,  41.274
 1886,  18.939
 1887,  41.274
 1888,  20.283
 1889,  41.925
 1890,  20.283
 1891,  41.925
 1892,  20.283
 1893,  41.925
 1894,  20.283
 1895,  41.925
 1896,  20.283
 1897,  41.925
 1898,  20.283
 1899,  41.925
 1900,  20.283
 1901,  41.925
 1902,  20.283
 1903,  41.925
 1904,  20.283
 1905,  41.925
 1906,  20.283
 1907,  41.925
 1908,  20.283
 1909,  41.925
 1910,  20.283
 1911,  41.925
 1912,  20.283
 1913,  41.925
 1914,  20.283
 1915,  41.925
 1916,  20.283
 1917,  41.925
 1918,  20.283
 1919,  41.925
 1920,  18.140
 1921,  39.342
 1922,  18.140
 1923,  39.342
 1924,  18.140
 1925,  39.342
 1926,  18.140
 1927,  39.342
 1928,  18.140
 1929,  39.342
 1930,  18.140
 1931,  39.342
 1932,  18.140
 1933,  39.342
 1934,  18.140
 1935,  39.342
 1936,  18.140
 1937,  39.342
 1938,  18.140
 1939,  39.342
 1940,  18.140
 1941,  39.342
 1942,  18.140
 1943,  39.342
 1944,  18.140
 1945,  39.342
 1946,  18.140
 1947,  39.342
 1948,  18.140
 1949,  39.342
 1950,  18.140
 1951,  39.342
 1952,  17.676
 1953,  42.349
 1954,  17.676
 1955,  42.349
 1956,  17.676
 1957,  42.349
 1958,  17.676
 1959,  42.349
 1960,  17.676
 1961,  42.349
 1962,  17.676
 1963,  42.349
 1964,  17.676
 1965,  42.349
 1966,  17.676
 1967,  42.349
 1968,  17.676
 1969,  42.349
 1970,  17.676
 1971,  42.349
 1972,  17.676
 1973,  42.349
 1974,  17.676
 1975,  42.349
 1976,  17.676
 1977,  42.349
 1978,  17.676
 1979,  42.349
 1980,  17.676
 1981,  42.349
 1982,  17.676
 1983,  42.349
 1984,  19.064
 1985,  40.426
 1986,  19.064
 1987,  40.426
 1988,  19.064
 1989,  40.426
 1990,  19.064
 1991,  40.426
 1992,  19.064
 1993,  40.426
 1994,  19.064
 1995,  40.426
 1996,  19.064
 1997,  40.426
 1998,  19.064
 1999,  40.426
 2000,  19.064
 2001,  40.426
 2002,  19.064
 2003,  40.426
 2004,  19.064
 2005,  40.426
 2006,  19.064
 2007,  40.426
 2008,  19.064
 2009,  40.426
 2010,  19.064
 2011,  40.426
 2012,  19.064
 2013,  40.426
 2014,  19.064
 2015,  40.426
 2016,  18.989
 2017,  41.986
 2018,  18.989
 2019,  41.986
 2020,  18.989
 2021,  41.986
 2022,  18.989
 2023,  41.986
 2024,  18.989
 2025,  41.986
 2026,  18.989
 2027,  41.986
 2028,  18.989
 2029,  41.986
 2030,  18.989
 2031,  41.986
 2032,  18.989
 2033,  41.986
 2034,  18.989
 2035,  41.986
 2036,  18.989
 2037,  41.986
 2038,  18.989
 2039,  41.986
 2040,  18.989
 2041,  41.986
 2042,  18.989
 2043,  41.986
 2044,  18.989
 2045,  41.986
 2046,  18.989
 2047,  41.986
 2048,  42.294
 2049,   0.000
 2050,  42.294
 2051,   0.000
 2052,  42.294
 2053,   0.000
 2054,  42.294
 2055,   0.000
 2056,  42.294
 2057,   0.000
 2058,  42.294
 2059,   0.000
 2060,  42.294
 2061,   0.000
 2062,  42.294
 2063,   0.000
 2064,  42.294
 2065,   0.000
 2066,  42.294
 2067,   0.000
 2068,  42.294
 2069,   0.000
 2070,  42.294
 2071,   0.000
 2072,  42.294
 2073,   0.000
 2074,  42.294
 2075,   0.000
 2076,  42.294
 2077,   0.000
 2078,  42.294
 2079,   0.000
 2080,  44.777
 2081,   0.000
 2082,  44.777
 2083,   0.000
 2084,  44.777
 2085,   0.000
 2086,  44.777
 2087,   0.000
 2088,  44.777
 2089,   0.000
 2090,  44.777
 2091,   0.000
 2092,  44.777
 2093,   0.000
 2094,  44.777
 2095,   0.000
 2096,  44.777
 2097,   0.000
 2098,  44.777
 2099,   0.000
 2100,  44.777
 2101,   0.000
 2102,  44.777
 2103,   0.000
 2104,  44.777
 2105,   0.000
 2106,  44.777
 2107,   0.000
 2108,  44.777
 2109,   0.000
 2110,  44.777
 2111,   0.000
 2112,  44.939
 2113,   0.000
 2114,  44.939
 2115,   0.000
 2116,  44.939
 2117,   0.000
 2118,  44.939
 2119,   0.000
 2120,  44.939
 2121,   0.000
 2122,  44.939
 2123,   0.000
 2124,  44.939
 2125,   0.000
 2126,  44.939
 2127,   0.000
 2128,  44.939
 2129,   0.000
 2130,  44.939
 2131,   0.000
 2132,  44.939
 2133,   0.000
 2134,  44.939
 2135,   0.000
 2136,  44.939
 2137,   0.000
 2138,  44.939
 2139,   0.000
 2140,  44.939
 2141,   0.000
 2142,  44.939
 2143,   0.000
 2144,  45.143
 2145,   0.000
 2146,  45.143
 2147,   0.000
 2148,  45.143
 2149,   0.000
 2150,  45.143
 2151,   0.000
 2152,  45.143
 2153,   0.000
 2154,  45.143
 2155,   0.000
 2156,  45.143
 2157,   0.000
 2158,  45.143
 2159,   0.000
 2160,  45.143
 2161,   0.000
 2162,  45.143
 2163,   0.000
 2164,  45.143
 2165,   0.000
 2166,  45.143
 2167,   0.000
 2168,  45.143
 2169,   0.000
 2170,  45.143
 2171,   0.000
 2172,  45.143
 2173,   0.000
 2174,  45.143
 2175,   0.000
 2176,  46.906
 2177,   0.000
 2178,  46.906
 2179,   0.000
 2180,  46.906
 2181,   0.000
 2182,  46.906
 2183,   0.000
 2184,  46.906
 2185,   0.000
 2186,  46.906
 2187,   0.000
 2188,  46.906
 2189,   0.000
 2190,  46.906
 2191,   0.000
 2192,  46.906
 2193,   0.000
 2194,  46.906
 2195,   0.000
 2196,  46.906
 2197,   0.000
 2198,  46.906
 2199,   0.000
 2200,  46.906
 2201,   0.000
 2202,  46.906
 2203,   0.000
 2204,  46.906
 2205,   0.000
 2206,  46.906
 2207,   0.000
 2208,  46.753
 2209,   0.000
 2210,  46.753
 2211,   0.000
 2212,  46.753
 2213,   0.000
 2214,  46.753
 2215,   0.000
 2216,  46.753
 2217,   0.000
 2218,  46.753
 2219,   0.000
 2220,  46.753
 2221,   0.000
 2222,  46.753
 2223,   0.000
 2224,  46.753
 2225,   0.000
 2226,  46.753
 2227,   0.000
 2228,  46.753
 2229,   0.000
 2230,  46.753
 2231,   0.000
 2232,  46.753
 2233,   0.000
 2234,  46.753
 2235,   0.000
 2236,  46.753
 2237,   0.000
 2238,  46.753
 2239,   0.000
 2240,  49.024
 2241,   0.000
 2242,  49.024
 2243,   0.000
 2244,  49.024
 2245,   0.000
 2246,  49.024
 2247,   0.000
 2248,  49.024
 2249,   0.000
 2250,  49.024
 2251,   0.000
 2252,  49.024
 2253,   0.000
 2254,  49.024
 2255,   0.000
 2256,  49.024
 2257,   0.000
 2258,  49.024
 2259,   0.000
 2260,  49.024
 2261,   0.000
 2262,  49.024
 2263,   0.000
 2264,  49.024
 2265,   0.000
 2266,  49.024
 2267,   0.000
 2268,  49.024
 2269,   0.000
 2270,  49.024
 2271,   0.000
 2272,  49.178
 2273,   0.000
 2274,  49.178
 2275,   0.000
 2276,  49.178
 2277,   0.000
 2278,  49.178
 2279,   0.000
 2280,  49.178
 2281,   0.000
 2282,  49.178
 2283,   0.000
 2284,  49.178
 2285,   0.000
 2286,  49.178
 2287,   0.000
 2288,  49.178
 2289,   0.000
 2290,  49.178
 2291,   0.000
 2292,  49.178
 2293,   0.000
 2294,  49.178
 2295,   0.000
 2296,  49.178
 2297,   0.000
 2298,  49.178
 2299,   0.000
 2300,  49.178
 2301,   0.000
 2302,  49.178
 2303,   0.000
