TABLE CRVTime  123680-123680
#  cid 305
# channel,timeOffset
    0,   0.000
    1,  26.242
    2,   0.000
    3,  26.242
    4,   0.000
    5,  26.242
    6,   0.000
    7,  26.242
    8,   0.000
    9,  26.242
   10,   0.000
   11,  26.242
   12,   0.000
   13,  26.242
   14,   0.000
   15,  26.242
   16,   0.000
   17,  26.242
   18,   0.000
   19,  26.242
   20,   0.000
   21,  26.242
   22,   0.000
   23,  26.242
   24,   0.000
   25,  26.242
   26,   0.000
   27,  26.242
   28,   0.000
   29,  26.242
   30,   0.000
   31,  26.242
   32,  -0.004
   33,  27.181
   34,  -0.004
   35,  27.181
   36,  -0.004
   37,  27.181
   38,  -0.004
   39,  27.181
   40,  -0.004
   41,  27.181
   42,  -0.004
   43,  27.181
   44,  -0.004
   45,  27.181
   46,  -0.004
   47,  27.181
   48,  -0.004
   49,  27.181
   50,  -0.004
   51,  27.181
   52,  -0.004
   53,  27.181
   54,  -0.004
   55,  27.181
   56,  -0.004
   57,  27.181
   58,  -0.004
   59,  27.181
   60,  -0.004
   61,  27.181
   62,  -0.004
   63,  27.181
   64,   1.120
   65,  26.966
   66,   1.120
   67,  26.966
   68,   1.120
   69,  26.966
   70,   1.120
   71,  26.966
   72,   1.120
   73,  26.966
   74,   1.120
   75,  26.966
   76,   1.120
   77,  26.966
   78,   1.120
   79,  26.966
   80,   1.120
   81,  26.966
   82,   1.120
   83,  26.966
   84,   1.120
   85,  26.966
   86,   1.120
   87,  26.966
   88,   1.120
   89,  26.966
   90,   1.120
   91,  26.966
   92,   1.120
   93,  26.966
   94,   1.120
   95,  26.966
   96,   1.837
   97,  28.097
   98,   1.837
   99,  28.097
  100,   1.837
  101,  28.097
  102,   1.837
  103,  28.097
  104,   1.837
  105,  28.097
  106,   1.837
  107,  28.097
  108,   1.837
  109,  28.097
  110,   1.837
  111,  28.097
  112,   1.837
  113,  28.097
  114,   1.837
  115,  28.097
  116,   1.837
  117,  28.097
  118,   1.837
  119,  28.097
  120,   1.837
  121,  28.097
  122,   1.837
  123,  28.097
  124,   1.837
  125,  28.097
  126,   1.837
  127,  28.097
  128,  -0.359
  129,  26.250
  130,  -0.359
  131,  26.250
  132,  -0.359
  133,  26.250
  134,  -0.359
  135,  26.250
  136,  -0.359
  137,  26.250
  138,  -0.359
  139,  26.250
  140,  -0.359
  141,  26.250
  142,  -0.359
  143,  26.250
  144,  -0.359
  145,  26.250
  146,  -0.359
  147,  26.250
  148,  -0.359
  149,  26.250
  150,  -0.359
  151,  26.250
  152,  -0.359
  153,  26.250
  154,  -0.359
  155,  26.250
  156,  -0.359
  157,  26.250
  158,  -0.359
  159,  26.250
  160,   0.636
  161,  26.410
  162,   0.636
  163,  26.410
  164,   0.636
  165,  26.410
  166,   0.636
  167,  26.410
  168,   0.636
  169,  26.410
  170,   0.636
  171,  26.410
  172,   0.636
  173,  26.410
  174,   0.636
  175,  26.410
  176,   0.636
  177,  26.410
  178,   0.636
  179,  26.410
  180,   0.636
  181,  26.410
  182,   0.636
  183,  26.410
  184,   0.636
  185,  26.410
  186,   0.636
  187,  26.410
  188,   0.636
  189,  26.410
  190,   0.636
  191,  26.410
  192,   1.160
  193,  26.664
  194,   1.160
  195,  26.664
  196,   1.160
  197,  26.664
  198,   1.160
  199,  26.664
  200,   1.160
  201,  26.664
  202,   1.160
  203,  26.664
  204,   1.160
  205,  26.664
  206,   1.160
  207,  26.664
  208,   1.160
  209,  26.664
  210,   1.160
  211,  26.664
  212,   1.160
  213,  26.664
  214,   1.160
  215,  26.664
  216,   1.160
  217,  26.664
  218,   1.160
  219,  26.664
  220,   1.160
  221,  26.664
  222,   1.160
  223,  26.664
  224,   2.088
  225,  27.528
  226,   2.088
  227,  27.528
  228,   2.088
  229,  27.528
  230,   2.088
  231,  27.528
  232,   2.088
  233,  27.528
  234,   2.088
  235,  27.528
  236,   2.088
  237,  27.528
  238,   2.088
  239,  27.528
  240,   2.088
  241,  27.528
  242,   2.088
  243,  27.528
  244,   2.088
  245,  27.528
  246,   2.088
  247,  27.528
  248,   2.088
  249,  27.528
  250,   2.088
  251,  27.528
  252,   2.088
  253,  27.528
  254,   2.088
  255,  27.528
  256, 110.391
  257,  27.999
  258, 110.391
  259,  27.999
  260, 110.391
  261,  27.999
  262, 110.391
  263,  27.999
  264, 110.391
  265,  27.999
  266, 110.391
  267,  27.999
  268, 110.391
  269,  27.999
  270, 110.391
  271,  27.999
  272, 110.391
  273,  27.999
  274, 110.391
  275,  27.999
  276, 110.391
  277,  27.999
  278, 110.391
  279,  27.999
  280, 110.391
  281,  27.999
  282, 110.391
  283,  27.999
  284, 110.391
  285,  27.999
  286, 110.391
  287,  27.999
  288, 110.578
  289,  28.662
  290, 110.578
  291,  28.662
  292, 110.578
  293,  28.662
  294, 110.578
  295,  28.662
  296, 110.578
  297,  28.662
  298, 110.578
  299,  28.662
  300, 110.578
  301,  28.662
  302, 110.578
  303,  28.662
  304, 110.578
  305,  28.662
  306, 110.578
  307,  28.662
  308, 110.578
  309,  28.662
  310, 110.578
  311,  28.662
  312, 110.578
  313,  28.662
  314, 110.578
  315,  28.662
  316, 110.578
  317,  28.662
  318, 110.578
  319,  28.662
  320, 111.389
  321,  28.194
  322, 111.389
  323,  28.194
  324, 111.389
  325,  28.194
  326, 111.389
  327,  28.194
  328, 111.389
  329,  28.194
  330, 111.389
  331,  28.194
  332, 111.389
  333,  28.194
  334, 111.389
  335,  28.194
  336, 111.389
  337,  28.194
  338, 111.389
  339,  28.194
  340, 111.389
  341,  28.194
  342, 111.389
  343,  28.194
  344, 111.389
  345,  28.194
  346, 111.389
  347,  28.194
  348, 111.389
  349,  28.194
  350, 111.389
  351,  28.194
  352, 112.496
  353,  29.266
  354, 112.496
  355,  29.266
  356, 112.496
  357,  29.266
  358, 112.496
  359,  29.266
  360, 112.496
  361,  29.266
  362, 112.496
  363,  29.266
  364, 112.496
  365,  29.266
  366, 112.496
  367,  29.266
  368, 112.496
  369,  29.266
  370, 112.496
  371,  29.266
  372, 112.496
  373,  29.266
  374, 112.496
  375,  29.266
  376, 112.496
  377,  29.266
  378, 112.496
  379,  29.266
  380, 112.496
  381,  29.266
  382, 112.496
  383,  29.266
  384,  -0.301
  385,  28.423
  386,  -0.301
  387,  28.423
  388,  -0.301
  389,  28.423
  390,  -0.301
  391,  28.423
  392,  -0.301
  393,  28.423
  394,  -0.301
  395,  28.423
  396,  -0.301
  397,  28.423
  398,  -0.301
  399,  28.423
  400,  -0.301
  401,  28.423
  402,  -0.301
  403,  28.423
  404,  -0.301
  405,  28.423
  406,  -0.301
  407,  28.423
  408,  -0.301
  409,  28.423
  410,  -0.301
  411,  28.423
  412,  -0.301
  413,  28.423
  414,  -0.301
  415,  28.423
  416,   0.220
  417,  28.876
  418,   0.220
  419,  28.876
  420,   0.220
  421,  28.876
  422,   0.220
  423,  28.876
  424,   0.220
  425,  28.876
  426,   0.220
  427,  28.876
  428,   0.220
  429,  28.876
  430,   0.220
  431,  28.876
  432,   0.220
  433,  28.876
  434,   0.220
  435,  28.876
  436,   0.220
  437,  28.876
  438,   0.220
  439,  28.876
  440,   0.220
  441,  28.876
  442,   0.220
  443,  28.876
  444,   0.220
  445,  28.876
  446,   0.220
  447,  28.876
  448,   1.082
  449,  28.648
  450,   1.082
  451,  28.648
  452,   1.082
  453,  28.648
  454,   1.082
  455,  28.648
  456,   1.082
  457,  28.648
  458,   1.082
  459,  28.648
  460,   1.082
  461,  28.648
  462,   1.082
  463,  28.648
  464,   1.082
  465,  28.648
  466,   1.082
  467,  28.648
  468,   1.082
  469,  28.648
  470,   1.082
  471,  28.648
  472,   1.082
  473,  28.648
  474,   1.082
  475,  28.648
  476,   1.082
  477,  28.648
  478,   1.082
  479,  28.648
  480,   1.846
  481,  29.867
  482,   1.846
  483,  29.867
  484,   1.846
  485,  29.867
  486,   1.846
  487,  29.867
  488,   1.846
  489,  29.867
  490,   1.846
  491,  29.867
  492,   1.846
  493,  29.867
  494,   1.846
  495,  29.867
  496,   1.846
  497,  29.867
  498,   1.846
  499,  29.867
  500,   1.846
  501,  29.867
  502,   1.846
  503,  29.867
  504,   1.846
  505,  29.867
  506,   1.846
  507,  29.867
  508,   1.846
  509,  29.867
  510,   1.846
  511,  29.867
  512,  11.703
  513,  37.614
  514,  11.703
  515,  37.614
  516,  11.703
  517,  37.614
  518,  11.703
  519,  37.614
  520,  11.703
  521,  37.614
  522,  11.703
  523,  37.614
  524,  11.703
  525,  37.614
  526,  11.703
  527,  37.614
  528,  11.703
  529,  37.614
  530,  11.703
  531,  37.614
  532,  11.703
  533,  37.614
  534,  11.703
  535,  37.614
  536,  11.703
  537,  37.614
  538,  11.703
  539,  37.614
  540,  11.703
  541,  37.614
  542,  11.703
  543,  37.614
  544,  11.877
  545,  38.628
  546,  11.877
  547,  38.628
  548,  11.877
  549,  38.628
  550,  11.877
  551,  38.628
  552,  11.877
  553,  38.628
  554,  11.877
  555,  38.628
  556,  11.877
  557,  38.628
  558,  11.877
  559,  38.628
  560,  11.877
  561,  38.628
  562,  11.877
  563,  38.628
  564,  11.877
  565,  38.628
  566,  11.877
  567,  38.628
  568,  11.877
  569,  38.628
  570,  11.877
  571,  38.628
  572,  11.877
  573,  38.628
  574,  11.877
  575,  38.628
  576,  12.414
  577,  40.105
  578,  12.414
  579,  40.105
  580,  12.414
  581,  40.105
  582,  12.414
  583,  40.105
  584,  12.414
  585,  40.105
  586,  12.414
  587,  40.105
  588,  12.414
  589,  40.105
  590,  12.414
  591,  40.105
  592,  12.414
  593,  40.105
  594,  12.414
  595,  40.105
  596,  12.414
  597,  40.105
  598,  12.414
  599,  40.105
  600,  12.414
  601,  40.105
  602,  12.414
  603,  40.105
  604,  12.414
  605,  40.105
  606,  12.414
  607,  40.105
  608,  12.963
  609,  39.296
  610,  12.963
  611,  39.296
  612,  12.963
  613,  39.296
  614,  12.963
  615,  39.296
  616,  12.963
  617,  39.296
  618,  12.963
  619,  39.296
  620,  12.963
  621,  39.296
  622,  12.963
  623,  39.296
  624,  12.963
  625,  39.296
  626,  12.963
  627,  39.296
  628,  12.963
  629,  39.296
  630,  12.963
  631,  39.296
  632,  12.963
  633,  39.296
  634,  12.963
  635,  39.296
  636,  12.963
  637,  39.296
  638,  12.963
  639,  39.296
  640,   7.958
  641,  35.966
  642,   7.958
  643,  35.966
  644,   7.958
  645,  35.966
  646,   7.958
  647,  35.966
  648,   7.958
  649,  35.966
  650,   7.958
  651,  35.966
  652,   7.958
  653,  35.966
  654,   7.958
  655,  35.966
  656,   7.958
  657,  35.966
  658,   7.958
  659,  35.966
  660,   7.958
  661,  35.966
  662,   7.958
  663,  35.966
  664,   7.958
  665,  35.966
  666,   7.958
  667,  35.966
  668,   7.958
  669,  35.966
  670,   7.958
  671,  35.966
  672,   9.781
  673,  36.821
  674,   9.781
  675,  36.821
  676,   9.781
  677,  36.821
  678,   9.781
  679,  36.821
  680,   9.781
  681,  36.821
  682,   9.781
  683,  36.821
  684,   9.781
  685,  36.821
  686,   9.781
  687,  36.821
  688,   9.781
  689,  36.821
  690,   9.781
  691,  36.821
  692,   9.781
  693,  36.821
  694,   9.781
  695,  36.821
  696,   9.781
  697,  36.821
  698,   9.781
  699,  36.821
  700,   9.781
  701,  36.821
  702,   9.781
  703,  36.821
  704,   9.266
  705,  37.366
  706,   9.266
  707,  37.366
  708,   9.266
  709,  37.366
  710,   9.266
  711,  37.366
  712,   9.266
  713,  37.366
  714,   9.266
  715,  37.366
  716,   9.266
  717,  37.366
  718,   9.266
  719,  37.366
  720,   9.266
  721,  37.366
  722,   9.266
  723,  37.366
  724,   9.266
  725,  37.366
  726,   9.266
  727,  37.366
  728,   9.266
  729,  37.366
  730,   9.266
  731,  37.366
  732,   9.266
  733,  37.366
  734,   9.266
  735,  37.366
  736,  10.172
  737,  38.241
  738,  10.172
  739,  38.241
  740,  10.172
  741,  38.241
  742,  10.172
  743,  38.241
  744,  10.172
  745,  38.241
  746,  10.172
  747,  38.241
  748,  10.172
  749,  38.241
  750,  10.172
  751,  38.241
  752,  10.172
  753,  38.241
  754,  10.172
  755,  38.241
  756,  10.172
  757,  38.241
  758,  10.172
  759,  38.241
  760,  10.172
  761,  38.241
  762,  10.172
  763,  38.241
  764,  10.172
  765,  38.241
  766,  10.172
  767,  38.241
  768,   9.157
  769,  35.453
  770,   9.157
  771,  35.453
  772,   9.157
  773,  35.453
  774,   9.157
  775,  35.453
  776,   9.157
  777,  35.453
  778,   9.157
  779,  35.453
  780,   9.157
  781,  35.453
  782,   9.157
  783,  35.453
  784,   9.157
  785,  35.453
  786,   9.157
  787,  35.453
  788,   9.157
  789,  35.453
  790,   9.157
  791,  35.453
  792,   9.157
  793,  35.453
  794,   9.157
  795,  35.453
  796,   9.157
  797,  35.453
  798,   9.157
  799,  35.453
  800,   9.831
  801,  36.646
  802,   9.831
  803,  36.646
  804,   9.831
  805,  36.646
  806,   9.831
  807,  36.646
  808,   9.831
  809,  36.646
  810,   9.831
  811,  36.646
  812,   9.831
  813,  36.646
  814,   9.831
  815,  36.646
  816,   9.831
  817,  36.646
  818,   9.831
  819,  36.646
  820,   9.831
  821,  36.646
  822,   9.831
  823,  36.646
  824,   9.831
  825,  36.646
  826,   9.831
  827,  36.646
  828,   9.831
  829,  36.646
  830,   9.831
  831,  36.646
  832,   9.948
  833,  37.304
  834,   9.948
  835,  37.304
  836,   9.948
  837,  37.304
  838,   9.948
  839,  37.304
  840,   9.948
  841,  37.304
  842,   9.948
  843,  37.304
  844,   9.948
  845,  37.304
  846,   9.948
  847,  37.304
  848,   9.948
  849,  37.304
  850,   9.948
  851,  37.304
  852,   9.948
  853,  37.304
  854,   9.948
  855,  37.304
  856,   9.948
  857,  37.304
  858,   9.948
  859,  37.304
  860,   9.948
  861,  37.304
  862,   9.948
  863,  37.304
  864,  10.124
  865,  37.389
  866,  10.124
  867,  37.389
  868,  10.124
  869,  37.389
  870,  10.124
  871,  37.389
  872,  10.124
  873,  37.389
  874,  10.124
  875,  37.389
  876,  10.124
  877,  37.389
  878,  10.124
  879,  37.389
  880,  10.124
  881,  37.389
  882,  10.124
  883,  37.389
  884,  10.124
  885,  37.389
  886,  10.124
  887,  37.389
  888,  10.124
  889,  37.389
  890,  10.124
  891,  37.389
  892,  10.124
  893,  37.389
  894,  10.124
  895,  37.389
  896,  10.352
  897,  36.244
  898,  10.352
  899,  36.244
  900,  10.352
  901,  36.244
  902,  10.352
  903,  36.244
  904,  10.352
  905,  36.244
  906,  10.352
  907,  36.244
  908,  10.352
  909,  36.244
  910,  10.352
  911,  36.244
  912,  10.352
  913,  36.244
  914,  10.352
  915,  36.244
  916,  10.352
  917,  36.244
  918,  10.352
  919,  36.244
  920,  10.352
  921,  36.244
  922,  10.352
  923,  36.244
  924,  10.352
  925,  36.244
  926,  10.352
  927,  36.244
  928,  10.989
  929,  36.515
  930,  10.989
  931,  36.515
  932,  10.989
  933,  36.515
  934,  10.989
  935,  36.515
  936,  10.989
  937,  36.515
  938,  10.989
  939,  36.515
  940,  10.989
  941,  36.515
  942,  10.989
  943,  36.515
  944,  10.989
  945,  36.515
  946,  10.989
  947,  36.515
  948,  10.989
  949,  36.515
  950,  10.989
  951,  36.515
  952,  10.989
  953,  36.515
  954,  10.989
  955,  36.515
  956,  10.989
  957,  36.515
  958,  10.989
  959,  36.515
  960,  12.407
  961,  37.509
  962,  12.407
  963,  37.509
  964,  12.407
  965,  37.509
  966,  12.407
  967,  37.509
  968,  12.407
  969,  37.509
  970,  12.407
  971,  37.509
  972,  12.407
  973,  37.509
  974,  12.407
  975,  37.509
  976,  12.407
  977,  37.509
  978,  12.407
  979,  37.509
  980,  12.407
  981,  37.509
  982,  12.407
  983,  37.509
  984,  12.407
  985,  37.509
  986,  12.407
  987,  37.509
  988,  12.407
  989,  37.509
  990,  12.407
  991,  37.509
  992,  11.969
  993,  38.056
  994,  11.969
  995,  38.056
  996,  11.969
  997,  38.056
  998,  11.969
  999,  38.056
 1000,  11.969
 1001,  38.056
 1002,  11.969
 1003,  38.056
 1004,  11.969
 1005,  38.056
 1006,  11.969
 1007,  38.056
 1008,  11.969
 1009,  38.056
 1010,  11.969
 1011,  38.056
 1012,  11.969
 1013,  38.056
 1014,  11.969
 1015,  38.056
 1016,  11.969
 1017,  38.056
 1018,  11.969
 1019,  38.056
 1020,  11.969
 1021,  38.056
 1022,  11.969
 1023,  38.056
 1024,   0.000
 1025,   7.800
 1026,   0.000
 1027,   7.800
 1028,   0.000
 1029,   7.800
 1030,   0.000
 1031,   7.800
 1032,   0.000
 1033,   7.800
 1034,   0.000
 1035,   7.800
 1036,   0.000
 1037,   7.800
 1038,   0.000
 1039,   7.800
 1040,   0.000
 1041,   7.800
 1042,   0.000
 1043,   7.800
 1044,   0.000
 1045,   7.800
 1046,   0.000
 1047,   7.800
 1048,   0.000
 1049,   7.800
 1050,   0.000
 1051,   7.800
 1052,   0.000
 1053,   7.800
 1054,   0.000
 1055,   7.800
 1056,   0.000
 1057,   9.198
 1058,   0.000
 1059,   9.198
 1060,   0.000
 1061,   9.198
 1062,   0.000
 1063,   9.198
 1064,   0.000
 1065,   9.198
 1066,   0.000
 1067,   9.198
 1068,   0.000
 1069,   9.198
 1070,   0.000
 1071,   9.198
 1072,   0.000
 1073,   9.198
 1074,   0.000
 1075,   9.198
 1076,   0.000
 1077,   9.198
 1078,   0.000
 1079,   9.198
 1080,   0.000
 1081,   9.198
 1082,   0.000
 1083,   9.198
 1084,   0.000
 1085,   9.198
 1086,   0.000
 1087,   9.198
 1088,   0.000
 1089,   9.361
 1090,   0.000
 1091,   9.361
 1092,   0.000
 1093,   9.361
 1094,   0.000
 1095,   9.361
 1096,   0.000
 1097,   9.361
 1098,   0.000
 1099,   9.361
 1100,   0.000
 1101,   9.361
 1102,   0.000
 1103,   9.361
 1104,   0.000
 1105,   9.361
 1106,   0.000
 1107,   9.361
 1108,   0.000
 1109,   9.361
 1110,   0.000
 1111,   9.361
 1112,   0.000
 1113,   9.361
 1114,   0.000
 1115,   9.361
 1116,   0.000
 1117,   9.361
 1118,   0.000
 1119,   9.361
 1120,   0.000
 1121,   9.962
 1122,   0.000
 1123,   9.962
 1124,   0.000
 1125,   9.962
 1126,   0.000
 1127,   9.962
 1128,   0.000
 1129,   9.962
 1130,   0.000
 1131,   9.962
 1132,   0.000
 1133,   9.962
 1134,   0.000
 1135,   9.962
 1136,   0.000
 1137,   9.962
 1138,   0.000
 1139,   9.962
 1140,   0.000
 1141,   9.962
 1142,   0.000
 1143,   9.962
 1144,   0.000
 1145,   9.962
 1146,   0.000
 1147,   9.962
 1148,   0.000
 1149,   9.962
 1150,   0.000
 1151,   9.962
 1152,   0.000
 1153,   7.877
 1154,   0.000
 1155,   7.877
 1156,   0.000
 1157,   7.877
 1158,   0.000
 1159,   7.877
 1160,   0.000
 1161,   7.877
 1162,   0.000
 1163,   7.877
 1164,   0.000
 1165,   7.877
 1166,   0.000
 1167,   7.877
 1168,   0.000
 1169,   7.877
 1170,   0.000
 1171,   7.877
 1172,   0.000
 1173,   7.877
 1174,   0.000
 1175,   7.877
 1176,   0.000
 1177,   7.877
 1178,   0.000
 1179,   7.877
 1180,   0.000
 1181,   7.877
 1182,   0.000
 1183,   7.877
 1184,   0.000
 1185,   7.983
 1186,   0.000
 1187,   7.983
 1188,   0.000
 1189,   7.983
 1190,   0.000
 1191,   7.983
 1192,   0.000
 1193,   7.983
 1194,   0.000
 1195,   7.983
 1196,   0.000
 1197,   7.983
 1198,   0.000
 1199,   7.983
 1200,   0.000
 1201,   7.983
 1202,   0.000
 1203,   7.983
 1204,   0.000
 1205,   7.983
 1206,   0.000
 1207,   7.983
 1208,   0.000
 1209,   7.983
 1210,   0.000
 1211,   7.983
 1212,   0.000
 1213,   7.983
 1214,   0.000
 1215,   7.983
 1216,   0.000
 1217,   8.724
 1218,   0.000
 1219,   8.724
 1220,   0.000
 1221,   8.724
 1222,   0.000
 1223,   8.724
 1224,   0.000
 1225,   8.724
 1226,   0.000
 1227,   8.724
 1228,   0.000
 1229,   8.724
 1230,   0.000
 1231,   8.724
 1232,   0.000
 1233,   8.724
 1234,   0.000
 1235,   8.724
 1236,   0.000
 1237,   8.724
 1238,   0.000
 1239,   8.724
 1240,   0.000
 1241,   8.724
 1242,   0.000
 1243,   8.724
 1244,   0.000
 1245,   8.724
 1246,   0.000
 1247,   8.724
 1248,   0.000
 1249,   8.599
 1250,   0.000
 1251,   8.599
 1252,   0.000
 1253,   8.599
 1254,   0.000
 1255,   8.599
 1256,   0.000
 1257,   8.599
 1258,   0.000
 1259,   8.599
 1260,   0.000
 1261,   8.599
 1262,   0.000
 1263,   8.599
 1264,   0.000
 1265,   8.599
 1266,   0.000
 1267,   8.599
 1268,   0.000
 1269,   8.599
 1270,   0.000
 1271,   8.599
 1272,   0.000
 1273,   8.599
 1274,   0.000
 1275,   8.599
 1276,   0.000
 1277,   8.599
 1278,   0.000
 1279,   8.599
 1280,   0.000
 1281,  10.643
 1282,   0.000
 1283,  10.643
 1284,   0.000
 1285,  10.643
 1286,   0.000
 1287,  10.643
 1288,   0.000
 1289,  10.643
 1290,   0.000
 1291,  10.643
 1292,   0.000
 1293,  10.643
 1294,   0.000
 1295,  10.643
 1296,   0.000
 1297,  10.643
 1298,   0.000
 1299,  10.643
 1300,   0.000
 1301,  10.643
 1302,   0.000
 1303,  10.643
 1304,   0.000
 1305,  10.643
 1306,   0.000
 1307,  10.643
 1308,   0.000
 1309,  10.643
 1310,   0.000
 1311,  10.643
 1312,   0.000
 1313,   9.888
 1314,   0.000
 1315,   9.888
 1316,   0.000
 1317,   9.888
 1318,   0.000
 1319,   9.888
 1320,   0.000
 1321,   9.888
 1322,   0.000
 1323,   9.888
 1324,   0.000
 1325,   9.888
 1326,   0.000
 1327,   9.888
 1328,   0.000
 1329,   9.888
 1330,   0.000
 1331,   9.888
 1332,   0.000
 1333,   9.888
 1334,   0.000
 1335,   9.888
 1336,   0.000
 1337,   9.888
 1338,   0.000
 1339,   9.888
 1340,   0.000
 1341,   9.888
 1342,   0.000
 1343,   9.888
 1344,   0.000
 1345,  11.193
 1346,   0.000
 1347,  11.193
 1348,   0.000
 1349,  11.193
 1350,   0.000
 1351,  11.193
 1352,   0.000
 1353,  11.193
 1354,   0.000
 1355,  11.193
 1356,   0.000
 1357,  11.193
 1358,   0.000
 1359,  11.193
 1360,   0.000
 1361,  11.193
 1362,   0.000
 1363,  11.193
 1364,   0.000
 1365,  11.193
 1366,   0.000
 1367,  11.193
 1368,   0.000
 1369,  11.193
 1370,   0.000
 1371,  11.193
 1372,   0.000
 1373,  11.193
 1374,   0.000
 1375,  11.193
 1376,   0.000
 1377,  10.689
 1378,   0.000
 1379,  10.689
 1380,   0.000
 1381,  10.689
 1382,   0.000
 1383,  10.689
 1384,   0.000
 1385,  10.689
 1386,   0.000
 1387,  10.689
 1388,   0.000
 1389,  10.689
 1390,   0.000
 1391,  10.689
 1392,   0.000
 1393,  10.689
 1394,   0.000
 1395,  10.689
 1396,   0.000
 1397,  10.689
 1398,   0.000
 1399,  10.689
 1400,   0.000
 1401,  10.689
 1402,   0.000
 1403,  10.689
 1404,   0.000
 1405,  10.689
 1406,   0.000
 1407,  10.689
 1408,   0.000
 1409,  10.343
 1410,   0.000
 1411,  10.343
 1412,   0.000
 1413,  10.343
 1414,   0.000
 1415,  10.343
 1416,   0.000
 1417,  10.343
 1418,   0.000
 1419,  10.343
 1420,   0.000
 1421,  10.343
 1422,   0.000
 1423,  10.343
 1424,   0.000
 1425,  10.343
 1426,   0.000
 1427,  10.343
 1428,   0.000
 1429,  10.343
 1430,   0.000
 1431,  10.343
 1432,   0.000
 1433,  10.343
 1434,   0.000
 1435,  10.343
 1436,   0.000
 1437,  10.343
 1438,   0.000
 1439,  10.343
 1440,   0.000
 1441,  10.580
 1442,   0.000
 1443,  10.580
 1444,   0.000
 1445,  10.580
 1446,   0.000
 1447,  10.580
 1448,   0.000
 1449,  10.580
 1450,   0.000
 1451,  10.580
 1452,   0.000
 1453,  10.580
 1454,   0.000
 1455,  10.580
 1456,   0.000
 1457,  10.580
 1458,   0.000
 1459,  10.580
 1460,   0.000
 1461,  10.580
 1462,   0.000
 1463,  10.580
 1464,   0.000
 1465,  10.580
 1466,   0.000
 1467,  10.580
 1468,   0.000
 1469,  10.580
 1470,   0.000
 1471,  10.580
 1472,   0.000
 1473,   9.149
 1474,   0.000
 1475,   9.149
 1476,   0.000
 1477,   9.149
 1478,   0.000
 1479,   9.149
 1480,   0.000
 1481,   9.149
 1482,   0.000
 1483,   9.149
 1484,   0.000
 1485,   9.149
 1486,   0.000
 1487,   9.149
 1488,   0.000
 1489,   9.149
 1490,   0.000
 1491,   9.149
 1492,   0.000
 1493,   9.149
 1494,   0.000
 1495,   9.149
 1496,   0.000
 1497,   9.149
 1498,   0.000
 1499,   9.149
 1500,   0.000
 1501,   9.149
 1502,   0.000
 1503,   9.149
 1504,   0.000
 1505,   8.846
 1506,   0.000
 1507,   8.846
 1508,   0.000
 1509,   8.846
 1510,   0.000
 1511,   8.846
 1512,   0.000
 1513,   8.846
 1514,   0.000
 1515,   8.846
 1516,   0.000
 1517,   8.846
 1518,   0.000
 1519,   8.846
 1520,   0.000
 1521,   8.846
 1522,   0.000
 1523,   8.846
 1524,   0.000
 1525,   8.846
 1526,   0.000
 1527,   8.846
 1528,   0.000
 1529,   8.846
 1530,   0.000
 1531,   8.846
 1532,   0.000
 1533,   8.846
 1534,   0.000
 1535,   8.846
 1536, 112.000
 1537,  24.002
 1538, 112.000
 1539,  24.002
 1540, 112.000
 1541,  24.002
 1542, 112.000
 1543,  24.002
 1544, 112.000
 1545,  24.002
 1546, 112.000
 1547,  24.002
 1548, 112.000
 1549,  24.002
 1550, 112.000
 1551,  24.002
 1552, 112.000
 1553,  24.002
 1554, 112.000
 1555,  24.002
 1556, 112.000
 1557,  24.002
 1558, 112.000
 1559,  24.002
 1560, 112.000
 1561,  24.002
 1562, 112.000
 1563,  24.002
 1564, 112.000
 1565,  24.002
 1566, 112.000
 1567,  24.002
 1568, 111.973
 1569,  26.091
 1570, 111.973
 1571,  26.091
 1572, 111.973
 1573,  26.091
 1574, 111.973
 1575,  26.091
 1576, 111.973
 1577,  26.091
 1578, 111.973
 1579,  26.091
 1580, 111.973
 1581,  26.091
 1582, 111.973
 1583,  26.091
 1584, 111.973
 1585,  26.091
 1586, 111.973
 1587,  26.091
 1588, 111.973
 1589,  26.091
 1590, 111.973
 1591,  26.091
 1592, 111.973
 1593,  26.091
 1594, 111.973
 1595,  26.091
 1596, 111.973
 1597,  26.091
 1598, 111.973
 1599,  26.091
 1600, 112.754
 1601,  25.793
 1602, 112.754
 1603,  25.793
 1604, 112.754
 1605,  25.793
 1606, 112.754
 1607,  25.793
 1608, 112.754
 1609,  25.793
 1610, 112.754
 1611,  25.793
 1612, 112.754
 1613,  25.793
 1614, 112.754
 1615,  25.793
 1616, 112.754
 1617,  25.793
 1618, 112.754
 1619,  25.793
 1620, 112.754
 1621,  25.793
 1622, 112.754
 1623,  25.793
 1624, 112.754
 1625,  25.793
 1626, 112.754
 1627,  25.793
 1628, 112.754
 1629,  25.793
 1630, 112.754
 1631,  25.793
 1632, 112.983
 1633,  26.768
 1634, 112.983
 1635,  26.768
 1636, 112.983
 1637,  26.768
 1638, 112.983
 1639,  26.768
 1640, 112.983
 1641,  26.768
 1642, 112.983
 1643,  26.768
 1644, 112.983
 1645,  26.768
 1646, 112.983
 1647,  26.768
 1648, 112.983
 1649,  26.768
 1650, 112.983
 1651,  26.768
 1652, 112.983
 1653,  26.768
 1654, 112.983
 1655,  26.768
 1656, 112.983
 1657,  26.768
 1658, 112.983
 1659,  26.768
 1660, 112.983
 1661,  26.768
 1662, 112.983
 1663,  26.768
 1664, 111.422
 1665,  25.008
 1666, 111.422
 1667,  25.008
 1668, 111.422
 1669,  25.008
 1670, 111.422
 1671,  25.008
 1672, 111.422
 1673,  25.008
 1674, 111.422
 1675,  25.008
 1676, 111.422
 1677,  25.008
 1678, 111.422
 1679,  25.008
 1680, 111.422
 1681,  25.008
 1682, 111.422
 1683,  25.008
 1684, 111.422
 1685,  25.008
 1686, 111.422
 1687,  25.008
 1688, 111.422
 1689,  25.008
 1690, 111.422
 1691,  25.008
 1692, 111.422
 1693,  25.008
 1694, 111.422
 1695,  25.008
 1696, 112.164
 1697,  25.983
 1698, 112.164
 1699,  25.983
 1700, 112.164
 1701,  25.983
 1702, 112.164
 1703,  25.983
 1704, 112.164
 1705,  25.983
 1706, 112.164
 1707,  25.983
 1708, 112.164
 1709,  25.983
 1710, 112.164
 1711,  25.983
 1712, 112.164
 1713,  25.983
 1714, 112.164
 1715,  25.983
 1716, 112.164
 1717,  25.983
 1718, 112.164
 1719,  25.983
 1720, 112.164
 1721,  25.983
 1722, 112.164
 1723,  25.983
 1724, 112.164
 1725,  25.983
 1726, 112.164
 1727,  25.983
 1728, 112.562
 1729,  26.830
 1730, 112.562
 1731,  26.830
 1732, 112.562
 1733,  26.830
 1734, 112.562
 1735,  26.830
 1736, 112.562
 1737,  26.830
 1738, 112.562
 1739,  26.830
 1740, 112.562
 1741,  26.830
 1742, 112.562
 1743,  26.830
 1744, 112.562
 1745,  26.830
 1746, 112.562
 1747,  26.830
 1748, 112.562
 1749,  26.830
 1750, 112.562
 1751,  26.830
 1752, 112.562
 1753,  26.830
 1754, 112.562
 1755,  26.830
 1756, 112.562
 1757,  26.830
 1758, 112.562
 1759,  26.830
 1760, 113.378
 1761,  26.956
 1762, 113.378
 1763,  26.956
 1764, 113.378
 1765,  26.956
 1766, 113.378
 1767,  26.956
 1768, 113.378
 1769,  26.956
 1770, 113.378
 1771,  26.956
 1772, 113.378
 1773,  26.956
 1774, 113.378
 1775,  26.956
 1776, 113.378
 1777,  26.956
 1778, 113.378
 1779,  26.956
 1780, 113.378
 1781,  26.956
 1782, 113.378
 1783,  26.956
 1784, 113.378
 1785,  26.956
 1786, 113.378
 1787,  26.956
 1788, 113.378
 1789,  26.956
 1790, 113.378
 1791,  26.956
 1792,   9.817
 1793,  33.900
 1794,   9.817
 1795,  33.900
 1796,   9.817
 1797,  33.900
 1798,   9.817
 1799,  33.900
 1800,   9.817
 1801,  33.900
 1802,   9.817
 1803,  33.900
 1804,   9.817
 1805,  33.900
 1806,   9.817
 1807,  33.900
 1808,   9.817
 1809,  33.900
 1810,   9.817
 1811,  33.900
 1812,   9.817
 1813,  33.900
 1814,   9.817
 1815,  33.900
 1816,   9.817
 1817,  33.900
 1818,   9.817
 1819,  33.900
 1820,   9.817
 1821,  33.900
 1822,   9.817
 1823,  33.900
 1824,   9.834
 1825,  34.740
 1826,   9.834
 1827,  34.740
 1828,   9.834
 1829,  34.740
 1830,   9.834
 1831,  34.740
 1832,   9.834
 1833,  34.740
 1834,   9.834
 1835,  34.740
 1836,   9.834
 1837,  34.740
 1838,   9.834
 1839,  34.740
 1840,   9.834
 1841,  34.740
 1842,   9.834
 1843,  34.740
 1844,   9.834
 1845,  34.740
 1846,   9.834
 1847,  34.740
 1848,   9.834
 1849,  34.740
 1850,   9.834
 1851,  34.740
 1852,   9.834
 1853,  34.740
 1854,   9.834
 1855,  34.740
 1856,  10.211
 1857,  34.505
 1858,  10.211
 1859,  34.505
 1860,  10.211
 1861,  34.505
 1862,  10.211
 1863,  34.505
 1864,  10.211
 1865,  34.505
 1866,  10.211
 1867,  34.505
 1868,  10.211
 1869,  34.505
 1870,  10.211
 1871,  34.505
 1872,  10.211
 1873,  34.505
 1874,  10.211
 1875,  34.505
 1876,  10.211
 1877,  34.505
 1878,  10.211
 1879,  34.505
 1880,  10.211
 1881,  34.505
 1882,  10.211
 1883,  34.505
 1884,  10.211
 1885,  34.505
 1886,  10.211
 1887,  34.505
 1888,  11.555
 1889,  35.156
 1890,  11.555
 1891,  35.156
 1892,  11.555
 1893,  35.156
 1894,  11.555
 1895,  35.156
 1896,  11.555
 1897,  35.156
 1898,  11.555
 1899,  35.156
 1900,  11.555
 1901,  35.156
 1902,  11.555
 1903,  35.156
 1904,  11.555
 1905,  35.156
 1906,  11.555
 1907,  35.156
 1908,  11.555
 1909,  35.156
 1910,  11.555
 1911,  35.156
 1912,  11.555
 1913,  35.156
 1914,  11.555
 1915,  35.156
 1916,  11.555
 1917,  35.156
 1918,  11.555
 1919,  35.156
 1920,   9.619
 1921,  32.457
 1922,   9.619
 1923,  32.457
 1924,   9.619
 1925,  32.457
 1926,   9.619
 1927,  32.457
 1928,   9.619
 1929,  32.457
 1930,   9.619
 1931,  32.457
 1932,   9.619
 1933,  32.457
 1934,   9.619
 1935,  32.457
 1936,   9.619
 1937,  32.457
 1938,   9.619
 1939,  32.457
 1940,   9.619
 1941,  32.457
 1942,   9.619
 1943,  32.457
 1944,   9.619
 1945,  32.457
 1946,   9.619
 1947,  32.457
 1948,   9.619
 1949,  32.457
 1950,   9.619
 1951,  32.457
 1952,   9.155
 1953,  35.464
 1954,   9.155
 1955,  35.464
 1956,   9.155
 1957,  35.464
 1958,   9.155
 1959,  35.464
 1960,   9.155
 1961,  35.464
 1962,   9.155
 1963,  35.464
 1964,   9.155
 1965,  35.464
 1966,   9.155
 1967,  35.464
 1968,   9.155
 1969,  35.464
 1970,   9.155
 1971,  35.464
 1972,   9.155
 1973,  35.464
 1974,   9.155
 1975,  35.464
 1976,   9.155
 1977,  35.464
 1978,   9.155
 1979,  35.464
 1980,   9.155
 1981,  35.464
 1982,   9.155
 1983,  35.464
 1984,  10.543
 1985,  33.541
 1986,  10.543
 1987,  33.541
 1988,  10.543
 1989,  33.541
 1990,  10.543
 1991,  33.541
 1992,  10.543
 1993,  33.541
 1994,  10.543
 1995,  33.541
 1996,  10.543
 1997,  33.541
 1998,  10.543
 1999,  33.541
 2000,  10.543
 2001,  33.541
 2002,  10.543
 2003,  33.541
 2004,  10.543
 2005,  33.541
 2006,  10.543
 2007,  33.541
 2008,  10.543
 2009,  33.541
 2010,  10.543
 2011,  33.541
 2012,  10.543
 2013,  33.541
 2014,  10.543
 2015,  33.541
 2016,  10.468
 2017,  35.101
 2018,  10.468
 2019,  35.101
 2020,  10.468
 2021,  35.101
 2022,  10.468
 2023,  35.101
 2024,  10.468
 2025,  35.101
 2026,  10.468
 2027,  35.101
 2028,  10.468
 2029,  35.101
 2030,  10.468
 2031,  35.101
 2032,  10.468
 2033,  35.101
 2034,  10.468
 2035,  35.101
 2036,  10.468
 2037,  35.101
 2038,  10.468
 2039,  35.101
 2040,  10.468
 2041,  35.101
 2042,  10.468
 2043,  35.101
 2044,  10.468
 2045,  35.101
 2046,  10.468
 2047,  35.101
 2048,  33.481
 2049,   0.000
 2050,  33.481
 2051,   0.000
 2052,  33.481
 2053,   0.000
 2054,  33.481
 2055,   0.000
 2056,  33.481
 2057,   0.000
 2058,  33.481
 2059,   0.000
 2060,  33.481
 2061,   0.000
 2062,  33.481
 2063,   0.000
 2064,  33.481
 2065,   0.000
 2066,  33.481
 2067,   0.000
 2068,  33.481
 2069,   0.000
 2070,  33.481
 2071,   0.000
 2072,  33.481
 2073,   0.000
 2074,  33.481
 2075,   0.000
 2076,  33.481
 2077,   0.000
 2078,  33.481
 2079,   0.000
 2080,  35.964
 2081,   0.000
 2082,  35.964
 2083,   0.000
 2084,  35.964
 2085,   0.000
 2086,  35.964
 2087,   0.000
 2088,  35.964
 2089,   0.000
 2090,  35.964
 2091,   0.000
 2092,  35.964
 2093,   0.000
 2094,  35.964
 2095,   0.000
 2096,  35.964
 2097,   0.000
 2098,  35.964
 2099,   0.000
 2100,  35.964
 2101,   0.000
 2102,  35.964
 2103,   0.000
 2104,  35.964
 2105,   0.000
 2106,  35.964
 2107,   0.000
 2108,  35.964
 2109,   0.000
 2110,  35.964
 2111,   0.000
 2112,  36.126
 2113,   0.000
 2114,  36.126
 2115,   0.000
 2116,  36.126
 2117,   0.000
 2118,  36.126
 2119,   0.000
 2120,  36.126
 2121,   0.000
 2122,  36.126
 2123,   0.000
 2124,  36.126
 2125,   0.000
 2126,  36.126
 2127,   0.000
 2128,  36.126
 2129,   0.000
 2130,  36.126
 2131,   0.000
 2132,  36.126
 2133,   0.000
 2134,  36.126
 2135,   0.000
 2136,  36.126
 2137,   0.000
 2138,  36.126
 2139,   0.000
 2140,  36.126
 2141,   0.000
 2142,  36.126
 2143,   0.000
 2144,  36.330
 2145,   0.000
 2146,  36.330
 2147,   0.000
 2148,  36.330
 2149,   0.000
 2150,  36.330
 2151,   0.000
 2152,  36.330
 2153,   0.000
 2154,  36.330
 2155,   0.000
 2156,  36.330
 2157,   0.000
 2158,  36.330
 2159,   0.000
 2160,  36.330
 2161,   0.000
 2162,  36.330
 2163,   0.000
 2164,  36.330
 2165,   0.000
 2166,  36.330
 2167,   0.000
 2168,  36.330
 2169,   0.000
 2170,  36.330
 2171,   0.000
 2172,  36.330
 2173,   0.000
 2174,  36.330
 2175,   0.000
 2176,  35.472
 2177,   0.000
 2178,  35.472
 2179,   0.000
 2180,  35.472
 2181,   0.000
 2182,  35.472
 2183,   0.000
 2184,  35.472
 2185,   0.000
 2186,  35.472
 2187,   0.000
 2188,  35.472
 2189,   0.000
 2190,  35.472
 2191,   0.000
 2192,  35.472
 2193,   0.000
 2194,  35.472
 2195,   0.000
 2196,  35.472
 2197,   0.000
 2198,  35.472
 2199,   0.000
 2200,  35.472
 2201,   0.000
 2202,  35.472
 2203,   0.000
 2204,  35.472
 2205,   0.000
 2206,  35.472
 2207,   0.000
 2208,  35.319
 2209,   0.000
 2210,  35.319
 2211,   0.000
 2212,  35.319
 2213,   0.000
 2214,  35.319
 2215,   0.000
 2216,  35.319
 2217,   0.000
 2218,  35.319
 2219,   0.000
 2220,  35.319
 2221,   0.000
 2222,  35.319
 2223,   0.000
 2224,  35.319
 2225,   0.000
 2226,  35.319
 2227,   0.000
 2228,  35.319
 2229,   0.000
 2230,  35.319
 2231,   0.000
 2232,  35.319
 2233,   0.000
 2234,  35.319
 2235,   0.000
 2236,  35.319
 2237,   0.000
 2238,  35.319
 2239,   0.000
 2240,  37.590
 2241,   0.000
 2242,  37.590
 2243,   0.000
 2244,  37.590
 2245,   0.000
 2246,  37.590
 2247,   0.000
 2248,  37.590
 2249,   0.000
 2250,  37.590
 2251,   0.000
 2252,  37.590
 2253,   0.000
 2254,  37.590
 2255,   0.000
 2256,  37.590
 2257,   0.000
 2258,  37.590
 2259,   0.000
 2260,  37.590
 2261,   0.000
 2262,  37.590
 2263,   0.000
 2264,  37.590
 2265,   0.000
 2266,  37.590
 2267,   0.000
 2268,  37.590
 2269,   0.000
 2270,  37.590
 2271,   0.000
 2272,  37.744
 2273,   0.000
 2274,  37.744
 2275,   0.000
 2276,  37.744
 2277,   0.000
 2278,  37.744
 2279,   0.000
 2280,  37.744
 2281,   0.000
 2282,  37.744
 2283,   0.000
 2284,  37.744
 2285,   0.000
 2286,  37.744
 2287,   0.000
 2288,  37.744
 2289,   0.000
 2290,  37.744
 2291,   0.000
 2292,  37.744
 2293,   0.000
 2294,  37.744
 2295,   0.000
 2296,  37.744
 2297,   0.000
 2298,  37.744
 2299,   0.000
 2300,  37.744
 2301,   0.000
 2302,  37.744
 2303,   0.000
