TABLE TrkAlignPlane 1-122273
    0,     0_0_0,  0.000000,  0.000000,  0.000000,  0.000000,  0.000000,  0.000000
    1,     1_0_0,  0.000000,  0.000000,  0.000000,  0.000000,  0.000000,  0.000000
    2,     2_0_0, -0.738732, -1.041632,  1.062993, -0.000855,  0.000799,  0.000010
    3,     3_0_0,  0.742568, -0.070504, -1.095494,  0.001987,  0.000462, -0.000316
    4,     4_0_0, -1.632027,  0.521197, -3.135234, -0.000600,  0.003024,  0.000540
    5,     5_0_0,  1.323425,  0.753727,  3.451782,  0.000377,  0.002333,  0.000247
    6,     6_0_0,  0.153493, -0.293975, -0.456245, -0.004455,  0.001743, -0.000114
    7,     7_0_0, -0.032808,  0.482906,  0.269631,  0.004980,  0.001692,  0.000221
    8,     8_0_0,  0.000000,  0.000000,  0.000000,  0.000000,  0.000000,  0.000000
    9,     9_0_0,  0.000000,  0.000000,  0.000000,  0.000000,  0.000000,  0.000000
   10,    10_0_0,  0.000000,  0.000000,  0.000000,  0.000000,  0.000000,  0.000000
   11,    11_0_0,  0.000000,  0.000000,  0.000000,  0.000000,  0.000000,  0.000000
   12,    12_0_0,  0.000000,  0.000000,  0.000000,  0.000000,  0.000000,  0.000000
   13,    13_0_0,  0.000000,  0.000000,  0.000000,  0.000000,  0.000000,  0.000000
   14,    14_0_0,  0.000000,  0.000000,  0.000000,  0.000000,  0.000000,  0.000000
   15,    15_0_0,  0.000000,  0.000000,  0.000000,  0.000000,  0.000000,  0.000000
   16,    16_0_0,  0.000000,  0.000000,  0.000000,  0.000000,  0.000000,  0.000000
   17,    17_0_0,  0.000000,  0.000000,  0.000000,  0.000000,  0.000000,  0.000000
   18,    18_0_0,  0.000000,  0.000000,  0.000000,  0.000000,  0.000000,  0.000000
   19,    19_0_0,  0.000000,  0.000000,  0.000000,  0.000000,  0.000000,  0.000000
   20,    20_0_0,  0.856132, -0.074785,  4.559394,  0.000939, -0.000934, -0.000188
   21,    21_0_0, -0.949189, -0.020152, -4.392349, -0.001149, -0.000703,  0.000064
   22,    22_0_0, -0.773011, -0.358832, -2.175258,  0.000360, -0.000628, -0.000127
   23,    23_0_0,  0.676438, -0.063887,  2.028396, -0.000723, -0.000617, -0.000139
   24,    24_0_0,  0.942031, -0.160911,  3.221402, -0.000132, -0.000590,  0.000163
   25,    25_0_0, -1.041853, -0.297971, -2.890796, -0.000161, -0.001406, -0.000136
   26,    26_0_0, -0.649856,  0.111071, -0.501593,  0.003816,  0.000238,  0.000566
   27,    27_0_0,  0.978343,  0.517691,  0.318982, -0.003880,  0.000987, -0.000577
   28,    28_0_0, -1.527562,  0.038369,  2.404062,  0.003828, -0.003228,  0.000079
   29,    29_0_0,  1.605622, -0.319675, -2.208727, -0.004932, -0.004106,  0.000191
   30,    30_0_0,  1.440640,  0.004544,  1.649663,  0.002562,  0.002025, -0.000406
   31,    31_0_0, -1.291665,  0.211897, -2.014659, -0.002174,  0.000952, -0.000182
   32,    32_0_0,  0.393817,  0.029542, -2.673992, -0.002066, -0.002086,  0.000345
   33,    33_0_0, -0.187935,  0.070928,  3.045862,  0.001505, -0.002322, -0.000046
   34,    34_0_0,  0.088881, -0.142623,  3.473997,  0.002702,  0.000927, -0.000354
   35,    35_0_0,  0.166224,  0.103064, -3.823221, -0.002388,  0.001439, -0.000034
TABLE TrkAlignPlane 122382-1000000
    0,     0_0_0,  0.000000,  0.000000,  0.000000,  0.000000,  0.000000,  0.000000
    1,     1_0_0,  0.000000,  0.000000,  0.000000,  0.000000,  0.000000,  0.000000
    2,     2_0_0, -0.955396, -0.691092,  1.692146,  0.000492,  0.000010, -0.000074
    3,     3_0_0,  1.035414, -0.127299, -1.591446,  0.000562, -0.000232, -0.000323
    4,     4_0_0, -1.405898,  0.435966, -3.282471, -0.002034,  0.002050,  0.000444
    5,     5_0_0,  1.139717,  0.568543,  3.380624,  0.001749,  0.001404,  0.000259
    6,     6_0_0, -0.072961, -0.205546, -0.804475, -0.003337,  0.000493, -0.000266
    7,     7_0_0,  0.215449,  0.176570,  0.746201,  0.003496,  0.000699,  0.000424
    8,     8_0_0,  0.000000,  0.000000,  0.000000,  0.000000,  0.000000,  0.000000
    9,     9_0_0,  0.000000,  0.000000,  0.000000,  0.000000,  0.000000,  0.000000
   10,    10_0_0,  0.000000,  0.000000,  0.000000,  0.000000,  0.000000,  0.000000
   11,    11_0_0,  0.000000,  0.000000,  0.000000,  0.000000,  0.000000,  0.000000
   12,    12_0_0,  0.000000,  0.000000,  0.000000,  0.000000,  0.000000,  0.000000
   13,    13_0_0,  0.000000,  0.000000,  0.000000,  0.000000,  0.000000,  0.000000
   14,    14_0_0,  0.000000,  0.000000,  0.000000,  0.000000,  0.000000,  0.000000
   15,    15_0_0,  0.000000,  0.000000,  0.000000,  0.000000,  0.000000,  0.000000
   16,    16_0_0,  0.000000,  0.000000,  0.000000,  0.000000,  0.000000,  0.000000
   17,    17_0_0,  0.000000,  0.000000,  0.000000,  0.000000,  0.000000,  0.000000
   18,    18_0_0,  1.447811,  0.223299, -4.455118, -0.002467, -0.000262,  0.000256
   19,    19_0_0, -1.634609,  0.316946,  4.356390,  0.003027, -0.000084, -0.000610
   20,    20_0_0,  0.934251, -0.173454,  2.851590,  0.001030, -0.000556, -0.000131
   21,    21_0_0, -0.981701, -0.198938, -2.722210, -0.001453, -0.000479, -0.000002
   22,    22_0_0, -0.716438, -0.301692, -0.668370,  0.000078, -0.000201, -0.000178
   23,    23_0_0,  0.715342, -0.101431,  0.549170, -0.000467, -0.000311, -0.000124
   24,    24_0_0,  1.029759, -0.209562,  1.964188, -0.000037, -0.000181,  0.000185
   25,    25_0_0, -1.020770, -0.379554, -1.741212, -0.000448, -0.000911, -0.000254
   26,    26_0_0, -0.798125,  0.150558,  0.437666,  0.003609,  0.000700,  0.000546
   27,    27_0_0,  1.092336,  0.519231, -0.509748, -0.003723,  0.001410, -0.000587
   28,    28_0_0, -1.421640,  0.033805,  1.863909,  0.003959, -0.002833,  0.000053
   29,    29_0_0,  1.495777, -0.298405, -1.807958, -0.005144, -0.003795,  0.000139
   30,    30_0_0,  1.302412,  0.054129,  1.744968,  0.002412,  0.002269, -0.000459
   31,    31_0_0, -1.149770,  0.220830, -1.955591, -0.002054,  0.001236, -0.000191
   32,    32_0_0,  0.541190, -0.007596, -2.260966, -0.001840, -0.001717,  0.000400
   33,    33_0_0, -0.446160,  0.074107,  2.468300,  0.001351, -0.001919, -0.000084
   34,    34_0_0, -0.140410, -0.149733,  2.513970,  0.002604,  0.001262, -0.000343
   35,    35_0_0,  0.301935,  0.070310, -2.692930, -0.002474,  0.001947,  0.000010
