TABLE TrkAlignPanel 1-122273
    0,     0_0_0,  0.000000,  0.000000,  0.000000,  0.000000,  0.000000,  0.000000
    1,     0_1_0,  0.000000,  0.000000,  0.000000,  0.000000,  0.000000,  0.000000
    2,     0_2_0,  0.000000,  0.000000,  0.000000,  0.000000,  0.000000,  0.000000
    3,     0_3_0,  0.000000,  0.000000,  0.000000,  0.000000,  0.000000,  0.000000
    4,     0_4_0,  0.000000,  0.000000,  0.000000,  0.000000,  0.000000,  0.000000
    5,     0_5_0,  0.000000,  0.000000,  0.000000,  0.000000,  0.000000,  0.000000
    6,     1_0_0,  0.000000,  0.000000,  0.000000,  0.000000,  0.000000,  0.000000
    7,     1_1_0,  0.000000,  0.000000,  0.000000,  0.000000,  0.000000,  0.000000
    8,     1_2_0,  0.000000,  0.000000,  0.000000,  0.000000,  0.000000,  0.000000
    9,     1_3_0,  0.000000,  0.000000,  0.000000,  0.000000,  0.000000,  0.000000
   10,     1_4_0,  0.000000,  0.000000,  0.000000,  0.000000,  0.000000,  0.000000
   11,     1_5_0,  0.000000,  0.000000,  0.000000,  0.000000,  0.000000,  0.000000
   12,     2_0_0,  0.000000,  0.042387,  0.315699, -0.001385,  0.000123,  0.000729
   13,     2_1_0,  0.000000, -0.556371,  0.014706, -0.003453, -0.001442,  0.000419
   14,     2_2_0,  0.000000,  0.000000,  0.000000,  0.000000,  0.000000,  0.000000
   15,     2_3_0,  0.000000,  0.157309,  0.437877, -0.001692,  0.001530, -0.000915
   16,     2_4_0,  0.000000, -0.596871, -0.071317,  0.001199,  0.001173, -0.000472
   17,     2_5_0,  0.000000, -0.236239, -0.208192, -0.000088,  0.000305,  0.000754
   18,     3_0_0,  0.000000,  0.000000,  0.000000,  0.000000,  0.000000,  0.000000
   19,     3_1_0,  0.000000, -0.338336, -0.048269,  0.002229,  0.000465,  0.000196
   20,     3_2_0,  0.000000,  0.269091,  0.206530, -0.000369,  0.000853, -0.001418
   21,     3_3_0,  0.000000,  0.368603,  0.036434,  0.000105, -0.000797, -0.000818
   22,     3_4_0,  0.000000, -0.477685, -0.111245, -0.001628, -0.000779,  0.000738
   23,     3_5_0,  0.000000,  0.248178,  0.107120, -0.000814,  0.000968, -0.000061
   24,     4_0_0,  0.000000,  0.312171, -0.013808, -0.000002, -0.000095,  0.000189
   25,     4_1_0,  0.000000, -0.367504,  0.292971, -0.000499,  0.000181,  0.000818
   26,     4_2_0,  0.000000,  0.442800,  0.239884,  0.000181,  0.000401, -0.001243
   27,     4_3_0,  0.000000,  0.464889,  0.024834, -0.000312,  0.000180, -0.001099
   28,     4_4_0,  0.000000, -0.343381,  0.147756, -0.000338, -0.000058,  0.000863
   29,     4_5_0,  0.000000,  0.161825,  0.056033, -0.000775,  0.000022,  0.000088
   30,     5_0_0,  0.000000,  0.000000,  0.000000,  0.000000,  0.000000,  0.000000
   31,     5_1_0,  0.000000, -0.118837,  0.328968,  0.000845,  0.000418,  0.000559
   32,     5_2_0,  0.000000,  0.000000,  0.000000,  0.000000,  0.000000,  0.000000
   33,     5_3_0,  0.000000,  0.118837, -0.257712, -0.000014, -0.000085, -0.000607
   34,     5_4_0,  0.000000, -0.205833,  0.071260, -0.000911,  0.000019, -0.000049
   35,     5_5_0,  0.000000,  0.000000,  0.000000,  0.000000,  0.000000,  0.000000
   36,     6_0_0,  0.000000,  0.934426, -0.199138, -0.001242,  0.001071,  0.001785
   37,     6_1_0,  0.000000, -0.097476, -0.007689, -0.001914, -0.000304,  0.000504
   38,     6_2_0,  0.000000,  0.547256, -0.049933, -0.000027, -0.001168, -0.001762
   39,     6_3_0,  0.000000,  0.768082,  0.011650, -0.000586,  0.001356, -0.000537
   40,     6_4_0,  0.000000, -0.008748,  0.253036,  0.001930,  0.000818, -0.000057
   41,     6_5_0,  0.000000,  0.000000,  0.000000,  0.000000,  0.000000,  0.000000
   42,     7_0_0,  0.000000,  0.748444, -0.191871,  0.001749,  0.000226,  0.000353
   43,     7_1_0,  0.000000,  0.173852, -0.046753,  0.001360,  0.000830, -0.000057
   44,     7_2_0,  0.000000,  0.706169,  0.305973, -0.000044,  0.000815, -0.001760
   45,     7_3_0,  0.000000,  1.013680, -0.159693, -0.000366, -0.001724, -0.001262
   46,     7_4_0,  0.000000,  0.000000,  0.000000,  0.000000,  0.000000,  0.000000
   47,     7_5_0,  0.000000,  0.557150,  0.320547, -0.000682,  0.000705, -0.000089
   48,     8_0_0,  0.000000,  0.000000,  0.000000,  0.000000,  0.000000,  0.000000
   49,     8_1_0,  0.000000,  0.000000,  0.000000,  0.000000,  0.000000,  0.000000
   50,     8_2_0,  0.000000,  0.000000,  0.000000,  0.000000,  0.000000,  0.000000
   51,     8_3_0,  0.000000,  0.000000,  0.000000,  0.000000,  0.000000,  0.000000
   52,     8_4_0,  0.000000,  0.000000,  0.000000,  0.000000,  0.000000,  0.000000
   53,     8_5_0,  0.000000,  0.000000,  0.000000,  0.000000,  0.000000,  0.000000
   54,     9_0_0,  0.000000,  0.000000,  0.000000,  0.000000,  0.000000,  0.000000
   55,     9_1_0,  0.000000,  0.000000,  0.000000,  0.000000,  0.000000,  0.000000
   56,     9_2_0,  0.000000,  0.000000,  0.000000,  0.000000,  0.000000,  0.000000
   57,     9_3_0,  0.000000,  0.000000,  0.000000,  0.000000,  0.000000,  0.000000
   58,     9_4_0,  0.000000,  0.000000,  0.000000,  0.000000,  0.000000,  0.000000
   59,     9_5_0,  0.000000,  0.000000,  0.000000,  0.000000,  0.000000,  0.000000
   60,    10_0_0,  0.000000,  0.000000,  0.000000,  0.000000,  0.000000,  0.000000
   61,    10_1_0,  0.000000,  0.000000,  0.000000,  0.000000,  0.000000,  0.000000
   62,    10_2_0,  0.000000,  0.000000,  0.000000,  0.000000,  0.000000,  0.000000
   63,    10_3_0,  0.000000,  0.000000,  0.000000,  0.000000,  0.000000,  0.000000
   64,    10_4_0,  0.000000,  0.000000,  0.000000,  0.000000,  0.000000,  0.000000
   65,    10_5_0,  0.000000,  0.000000,  0.000000,  0.000000,  0.000000,  0.000000
   66,    11_0_0,  0.000000,  0.000000,  0.000000,  0.000000,  0.000000,  0.000000
   67,    11_1_0,  0.000000,  0.000000,  0.000000,  0.000000,  0.000000,  0.000000
   68,    11_2_0,  0.000000,  0.000000,  0.000000,  0.000000,  0.000000,  0.000000
   69,    11_3_0,  0.000000,  0.000000,  0.000000,  0.000000,  0.000000,  0.000000
   70,    11_4_0,  0.000000,  0.000000,  0.000000,  0.000000,  0.000000,  0.000000
   71,    11_5_0,  0.000000,  0.000000,  0.000000,  0.000000,  0.000000,  0.000000
   72,    12_0_0,  0.000000,  0.000000,  0.000000,  0.000000,  0.000000,  0.000000
   73,    12_1_0,  0.000000,  0.000000,  0.000000,  0.000000,  0.000000,  0.000000
   74,    12_2_0,  0.000000,  0.000000,  0.000000,  0.000000,  0.000000,  0.000000
   75,    12_3_0,  0.000000,  0.000000,  0.000000,  0.000000,  0.000000,  0.000000
   76,    12_4_0,  0.000000,  0.000000,  0.000000,  0.000000,  0.000000,  0.000000
   77,    12_5_0,  0.000000,  0.000000,  0.000000,  0.000000,  0.000000,  0.000000
   78,    13_0_0,  0.000000,  0.000000,  0.000000,  0.000000,  0.000000,  0.000000
   79,    13_1_0,  0.000000,  0.000000,  0.000000,  0.000000,  0.000000,  0.000000
   80,    13_2_0,  0.000000,  0.000000,  0.000000,  0.000000,  0.000000,  0.000000
   81,    13_3_0,  0.000000,  0.000000,  0.000000,  0.000000,  0.000000,  0.000000
   82,    13_4_0,  0.000000,  0.000000,  0.000000,  0.000000,  0.000000,  0.000000
   83,    13_5_0,  0.000000,  0.000000,  0.000000,  0.000000,  0.000000,  0.000000
   84,    14_0_0,  0.000000,  0.000000,  0.000000,  0.000000,  0.000000,  0.000000
   85,    14_1_0,  0.000000,  0.000000,  0.000000,  0.000000,  0.000000,  0.000000
   86,    14_2_0,  0.000000,  0.000000,  0.000000,  0.000000,  0.000000,  0.000000
   87,    14_3_0,  0.000000,  0.000000,  0.000000,  0.000000,  0.000000,  0.000000
   88,    14_4_0,  0.000000,  0.000000,  0.000000,  0.000000,  0.000000,  0.000000
   89,    14_5_0,  0.000000,  0.000000,  0.000000,  0.000000,  0.000000,  0.000000
   90,    15_0_0,  0.000000,  0.000000,  0.000000,  0.000000,  0.000000,  0.000000
   91,    15_1_0,  0.000000,  0.000000,  0.000000,  0.000000,  0.000000,  0.000000
   92,    15_2_0,  0.000000,  0.000000,  0.000000,  0.000000,  0.000000,  0.000000
   93,    15_3_0,  0.000000,  0.000000,  0.000000,  0.000000,  0.000000,  0.000000
   94,    15_4_0,  0.000000,  0.000000,  0.000000,  0.000000,  0.000000,  0.000000
   95,    15_5_0,  0.000000,  0.000000,  0.000000,  0.000000,  0.000000,  0.000000
   96,    16_0_0,  0.000000,  0.000000,  0.000000,  0.000000,  0.000000,  0.000000
   97,    16_1_0,  0.000000,  0.000000,  0.000000,  0.000000,  0.000000,  0.000000
   98,    16_2_0,  0.000000,  0.000000,  0.000000,  0.000000,  0.000000,  0.000000
   99,    16_3_0,  0.000000,  0.000000,  0.000000,  0.000000,  0.000000,  0.000000
  100,    16_4_0,  0.000000,  0.000000,  0.000000,  0.000000,  0.000000,  0.000000
  101,    16_5_0,  0.000000,  0.000000,  0.000000,  0.000000,  0.000000,  0.000000
  102,    17_0_0,  0.000000,  0.000000,  0.000000,  0.000000,  0.000000,  0.000000
  103,    17_1_0,  0.000000,  0.000000,  0.000000,  0.000000,  0.000000,  0.000000
  104,    17_2_0,  0.000000,  0.000000,  0.000000,  0.000000,  0.000000,  0.000000
  105,    17_3_0,  0.000000,  0.000000,  0.000000,  0.000000,  0.000000,  0.000000
  106,    17_4_0,  0.000000,  0.000000,  0.000000,  0.000000,  0.000000,  0.000000
  107,    17_5_0,  0.000000,  0.000000,  0.000000,  0.000000,  0.000000,  0.000000
  108,    18_0_0,  0.000000,  0.000000,  0.000000,  0.000000,  0.000000,  0.000000
  109,    18_1_0,  0.000000,  0.000000,  0.000000,  0.000000,  0.000000,  0.000000
  110,    18_2_0,  0.000000,  0.000000,  0.000000,  0.000000,  0.000000,  0.000000
  111,    18_3_0,  0.000000,  0.000000,  0.000000,  0.000000,  0.000000,  0.000000
  112,    18_4_0,  0.000000,  0.000000,  0.000000,  0.000000,  0.000000,  0.000000
  113,    18_5_0,  0.000000,  0.000000,  0.000000,  0.000000,  0.000000,  0.000000
  114,    19_0_0,  0.000000,  0.000000,  0.000000,  0.000000,  0.000000,  0.000000
  115,    19_1_0,  0.000000,  0.000000,  0.000000,  0.000000,  0.000000,  0.000000
  116,    19_2_0,  0.000000,  0.000000,  0.000000,  0.000000,  0.000000,  0.000000
  117,    19_3_0,  0.000000,  0.000000,  0.000000,  0.000000,  0.000000,  0.000000
  118,    19_4_0,  0.000000,  0.000000,  0.000000,  0.000000,  0.000000,  0.000000
  119,    19_5_0,  0.000000,  0.000000,  0.000000,  0.000000,  0.000000,  0.000000
  120,    20_0_0,  0.000000,  0.564333, -0.012103, -0.000466,  0.000366,  0.000032
  121,    20_1_0,  0.000000,  0.505601, -0.023318, -0.002202, -0.000909,  0.000099
  122,    20_2_0,  0.000000,  0.741102,  0.155499, -0.000033, -0.000827, -0.001107
  123,    20_3_0,  0.000000,  0.740533,  0.164854, -0.000787,  0.000743, -0.000606
  124,    20_4_0,  0.000000,  0.449258,  0.168768,  0.001943,  0.000286,  0.000640
  125,    20_5_0,  0.000000,  0.776167,  0.170630,  0.000083, -0.000144,  0.000076
  126,    21_0_0,  0.000000,  0.000000,  0.000000,  0.000000,  0.000000,  0.000000
  127,    21_1_0,  0.000000,  0.458538,  0.046923,  0.001175,  0.000283, -0.000439
  128,    21_2_0,  0.000000,  0.347002,  0.011429, -0.000862,  0.000520, -0.000399
  129,    21_3_0,  0.000000,  0.311200, -0.092851,  0.000176, -0.000896, -0.000155
  130,    21_4_0,  0.000000,  0.301101,  0.063727, -0.000755, -0.000597,  0.000399
  131,    21_5_0,  0.000000,  0.685398,  0.121089, -0.000460,  0.000685,  0.000589
  132,    22_0_0,  0.000000,  0.385220,  0.175038, -0.001096,  0.000807, -0.000386
  133,    22_1_0,  0.000000,  0.000000,  0.000000,  0.000000,  0.000000,  0.000000
  134,    22_2_0,  0.000000,  0.565400,  0.036654, -0.001324, -0.001120, -0.000049
  135,    22_3_0,  0.000000,  0.318935,  0.078122,  0.000216,  0.000338, -0.000391
  136,    22_4_0,  0.000000,  0.199099, -0.120861,  0.000774,  0.000167,  0.000222
  137,    22_5_0,  0.000000,  0.315514,  0.012700,  0.000923,  0.000295,  0.000173
  138,    23_0_0,  0.000000,  0.151693,  0.280637,  0.002254, -0.000363, -0.000038
  139,    23_1_0,  0.000000,  0.111633,  0.229370,  0.000774, -0.000158, -0.000071
  140,    23_2_0,  0.000000,  0.000000,  0.000000,  0.000000,  0.000000,  0.000000
  141,    23_3_0,  0.000000,  0.289214,  0.013685, -0.000253, -0.000297,  0.000022
  142,    23_4_0,  0.000000,  0.115698,  0.080115, -0.000685,  0.000269, -0.000057
  143,    23_5_0,  0.000000,  0.000000,  0.000000,  0.000000,  0.000000,  0.000000
  144,    24_0_0,  0.000000,  0.217039,  0.007352, -0.001096,  0.000352, -0.000071
  145,    24_1_0,  0.000000,  0.074188, -0.039259, -0.001297, -0.000646, -0.000091
  146,    24_2_0,  0.000000,  0.154348, -0.082887, -0.000157, -0.000954, -0.000252
  147,    24_3_0,  0.000000,  0.193195,  0.076193,  0.000373,  0.000867, -0.000121
  148,    24_4_0,  0.000000,  0.082636,  0.004685,  0.001209,  0.000692,  0.000003
  149,    24_5_0,  0.000000,  0.079403, -0.107782,  0.001028, -0.000631, -0.000109
  150,    25_0_0,  0.000000,  0.000000,  0.000000,  0.000000,  0.000000,  0.000000
  151,    25_1_0,  0.000000,  0.000000,  0.000000,  0.000000,  0.000000,  0.000000
  152,    25_2_0,  0.000000,  0.020051, -0.294026, -0.000545,  0.001228, -0.000096
  153,    25_3_0,  0.000000,  0.110034, -0.072819, -0.000165, -0.000617, -0.000192
  154,    25_4_0,  0.000000, -0.085266,  0.356096, -0.001510, -0.000225,  0.000079
  155,    25_5_0,  0.000000,  0.072381,  0.134894, -0.000985, -0.000341,  0.000175
  156,    26_0_0,  0.000000,  0.193267,  0.011433, -0.000146,  0.000309, -0.000242
  157,    26_1_0,  0.000000,  0.008148,  0.061338, -0.000552, -0.000679,  0.000227
  158,    26_2_0,  0.000000,  0.107511, -0.231630, -0.000781, -0.000515,  0.000059
  159,    26_3_0,  0.000000,  0.000000,  0.000000,  0.000000,  0.000000,  0.000000
  160,    26_4_0,  0.000000,  0.157447,  0.167796,  0.001019,  0.000207,  0.000399
  161,    26_5_0,  0.000000, -0.070190, -0.113738,  0.001175, -0.000047, -0.000014
  162,    27_0_0,  0.000000, -0.158570,  0.137980,  0.001928, -0.000223, -0.000247
  163,    27_1_0,  0.000000,  0.017926,  0.181529,  0.001201, -0.000474, -0.000259
  164,    27_2_0,  0.000000,  0.067817, -0.009874,  0.003079,  0.000193, -0.000005
  165,    27_3_0,  0.000000, -0.071636,  0.148395, -0.001634,  0.000202, -0.000136
  166,    27_4_0,  0.000000,  0.032187,  0.087549,  0.000118, -0.000403, -0.000288
  167,    27_5_0,  0.000000,  0.169204, -0.114274, -0.001016,  0.000293, -0.000145
  168,    28_0_0,  0.000000, -0.149741,  0.179530, -0.000563,  0.000377,  0.000140
  169,    28_1_0,  0.000000,  0.010323,  0.149920, -0.000853, -0.000272, -0.000332
  170,    28_2_0,  0.000000, -0.221973,  0.114720, -0.000796, -0.000237, -0.000227
  171,    28_3_0,  0.000000, -0.129490, -0.000396,  0.000213,  0.000030,  0.000107
  172,    28_4_0,  0.000000, -0.064777, -0.080036,  0.000937,  0.000237, -0.000419
  173,    28_5_0,  0.000000, -0.122143,  0.064679,  0.000309,  0.000040, -0.000279
  174,    29_0_0,  0.000000, -0.147295, -0.467901, -0.000971, -0.000926,  0.000322
  175,    29_1_0,  0.000000, -0.261457,  0.163840,  0.000514,  0.000842,  0.000198
  176,    29_2_0,  0.000000, -0.050399,  0.073757, -0.000821,  0.001761, -0.000537
  177,    29_3_0,  0.000000, -0.255947, -0.249719,  0.004771, -0.000381, -0.000060
  178,    29_4_0,  0.000000, -0.103623,  0.554681, -0.000749, -0.000881,  0.000491
  179,    29_5_0,  0.000000, -0.174789,  0.246429,  0.000156, -0.000985,  0.000142
  180,    30_0_0,  0.000000, -0.195927, -0.012633,  0.000136,  0.000530, -0.000398
  181,    30_1_0,  0.000000, -0.099207, -0.145555, -0.000030, -0.000293, -0.000124
  182,    30_2_0,  0.000000, -0.065838, -0.051240, -0.000102, -0.000837,  0.000047
  183,    30_3_0,  0.000000, -0.031195,  0.005138, -0.000007,  0.000649, -0.000109
  184,    30_4_0,  0.000000, -0.189780, -0.147004,  0.001212,  0.000325, -0.000130
  185,    30_5_0,  0.000000,  0.047461, -0.070470,  0.001475,  0.000166, -0.000251
  186,    31_0_0,  0.000000, -0.286146,  0.077063,  0.000942,  0.000869, -0.000137
  187,    31_1_0,  0.000000, -0.081451, -0.055712,  0.004428,  0.000015, -0.000239
  188,    31_2_0,  0.000000, -0.274576,  0.443477, -0.000363,  0.000015,  0.000132
  189,    31_3_0,  0.000000, -0.194825, -0.043269, -0.000358, -0.001287,  0.000137
  190,    31_4_0,  0.000000, -0.182177, -0.411285, -0.001285, -0.001111, -0.000208
  191,    31_5_0,  0.000000, -0.128119,  0.208230,  0.000486,  0.001197, -0.000114
  192,    32_0_0,  0.000000,  0.000000,  0.000000,  0.000000,  0.000000,  0.000000
  193,    32_1_0,  0.000000, -0.072738, -0.097476, -0.001482, -0.000537, -0.000160
  194,    32_2_0,  0.000000, -0.383127,  0.120362,  0.000088, -0.001058, -0.000173
  195,    32_3_0,  0.000000, -0.062983,  0.257586, -0.000377,  0.000845, -0.000346
  196,    32_4_0,  0.000000, -0.200017, -0.039456,  0.001637,  0.000432, -0.000050
  197,    32_5_0,  0.000000, -0.399660, -0.079196,  0.001155, -0.000126,  0.000283
  198,    33_0_0,  0.000000, -0.260406, -0.328808,  0.000257, -0.000696,  0.000164
  199,    33_1_0,  0.000000,  0.000000,  0.000000,  0.000000,  0.000000,  0.000000
  200,    33_2_0,  0.000000, -0.269887, -0.170651, -0.000398,  0.001414, -0.000406
  201,    33_3_0,  0.000000, -0.145879, -0.354158, -0.000209, -0.000778, -0.000330
  202,    33_4_0,  0.000000, -0.138812,  0.264961, -0.002194, -0.000612, -0.000087
  203,    33_5_0,  0.000000, -0.081144,  0.119657, -0.001185, -0.000506,  0.000002
  204,    34_0_0,  0.000000, -0.313103, -0.147550, -0.002182, -0.000374,  0.000224
  205,    34_1_0,  0.000000, -0.368517,  0.132685, -0.000174, -0.000361,  0.000146
  206,    34_2_0,  0.000000, -0.206575, -0.114985, -0.000566, -0.000074, -0.000002
  207,    34_3_0,  0.000000, -0.315396,  0.101303,  0.004183,  0.001001,  0.000229
  208,    34_4_0,  0.000000, -0.305849,  0.365497,  0.000883,  0.000537,  0.000034
  209,    34_5_0,  0.000000, -0.249699, -0.131002,  0.002548, -0.000933, -0.000123
  210,    35_0_0,  0.000000, -0.209719, -0.029736,  0.001052,  0.000433, -0.000868
  211,    35_1_0,  0.000000, -0.379751, -0.147831,  0.000502,  0.000517, -0.000607
  212,    35_2_0,  0.000000, -0.445292,  0.197503,  0.000470,  0.001083,  0.000281
  213,    35_3_0,  0.000000,  0.000000,  0.000000,  0.000000,  0.000000,  0.000000
  214,    35_4_0,  0.000000, -0.656376, -0.161642, -0.000241, -0.000237,  0.000032
  215,    35_5_0,  0.000000, -0.393904,  0.153947, -0.000690,  0.000256,  0.000049
TABLE TrkAlignPanel 122382-1000000
    0,     0_0_0,  0.000000,  0.000000,  0.000000,  0.000000,  0.000000,  0.000000
    1,     0_1_0,  0.000000,  0.000000,  0.000000,  0.000000,  0.000000,  0.000000
    2,     0_2_0,  0.000000,  0.000000,  0.000000,  0.000000,  0.000000,  0.000000
    3,     0_3_0,  0.000000,  0.000000,  0.000000,  0.000000,  0.000000,  0.000000
    4,     0_4_0,  0.000000,  0.000000,  0.000000,  0.000000,  0.000000,  0.000000
    5,     0_5_0,  0.000000,  0.000000,  0.000000,  0.000000,  0.000000,  0.000000
    6,     1_0_0,  0.000000,  0.000000,  0.000000,  0.000000,  0.000000,  0.000000
    7,     1_1_0,  0.000000,  0.000000,  0.000000,  0.000000,  0.000000,  0.000000
    8,     1_2_0,  0.000000,  0.000000,  0.000000,  0.000000,  0.000000,  0.000000
    9,     1_3_0,  0.000000,  0.000000,  0.000000,  0.000000,  0.000000,  0.000000
   10,     1_4_0,  0.000000,  0.000000,  0.000000,  0.000000,  0.000000,  0.000000
   11,     1_5_0,  0.000000,  0.000000,  0.000000,  0.000000,  0.000000,  0.000000
   12,     2_0_0,  0.000000, -0.061964,  0.439861, -0.001487,  0.000327,  0.000223
   13,     2_1_0,  0.000000, -0.409346,  0.062770, -0.002159, -0.001404,  0.000325
   14,     2_2_0,  0.000000,  0.000000,  0.000000,  0.000000,  0.000000,  0.000000
   15,     2_3_0,  0.000000,  0.003117,  0.534860, -0.001109,  0.001397, -0.000515
   16,     2_4_0,  0.000000, -0.388187, -0.163311,  0.000954,  0.001135, -0.000284
   17,     2_5_0,  0.000000, -0.149448, -0.321069,  0.000477,  0.000503,  0.000129
   18,     3_0_0,  0.000000,  0.000000,  0.000000,  0.000000,  0.000000,  0.000000
   19,     3_1_0,  0.000000, -0.170643, -0.031112,  0.001731, -0.000017,  0.000157
   20,     3_2_0,  0.000000,  0.150783,  0.134184, -0.000155,  0.000454, -0.000974
   21,     3_3_0,  0.000000,  0.287914,  0.057682, -0.000445, -0.000407, -0.000614
   22,     3_4_0,  0.000000, -0.321731, -0.016798, -0.001284, -0.000717,  0.000605
   23,     3_5_0,  0.000000,  0.189212,  0.090816, -0.000506,  0.000859,  0.000087
   24,     4_0_0,  0.000000,  0.162368,  0.028255, -0.000621,  0.000150,  0.000192
   25,     4_1_0,  0.000000, -0.289675,  0.215469, -0.001195, -0.000161,  0.000643
   26,     4_2_0,  0.000000,  0.247548,  0.208569, -0.000366, -0.000001, -0.000620
   27,     4_3_0,  0.000000,  0.286206,  0.082399, -0.000356,  0.000404, -0.000601
   28,     4_4_0,  0.000000, -0.293764,  0.193845,  0.000184,  0.000076,  0.000622
   29,     4_5_0,  0.000000,  0.072044,  0.132808, -0.000507, -0.000055,  0.000150
   30,     5_0_0,  0.000000,  0.000000,  0.000000,  0.000000,  0.000000,  0.000000
   31,     5_1_0,  0.000000, -0.078413,  0.325842,  0.001548,  0.000530,  0.000391
   32,     5_2_0,  0.000000,  0.000000,  0.000000,  0.000000,  0.000000,  0.000000
   33,     5_3_0,  0.000000,  0.078413, -0.243425,  0.000422, -0.000410, -0.000487
   34,     5_4_0,  0.000000, -0.135816,  0.082422, -0.001036, -0.000170, -0.000096
   35,     5_5_0,  0.000000,  0.000000,  0.000000,  0.000000,  0.000000,  0.000000
   36,     6_0_0,  0.000000,  0.348745, -0.164494, -0.001570,  0.000526,  0.001020
   37,     6_1_0,  0.000000, -0.197259,  0.172872, -0.001099, -0.000139,  0.000138
   38,     6_2_0,  0.000000,  0.223671,  0.036349, -0.000031, -0.000541, -0.001461
   39,     6_3_0,  0.000000,  0.413897, -0.030264,  0.000602,  0.000732, -0.000605
   40,     6_4_0,  0.000000, -0.243053,  0.270757,  0.001302,  0.000821, -0.000026
   41,     6_5_0,  0.000000,  0.000000,  0.000000,  0.000000,  0.000000,  0.000000
   42,     7_0_0,  0.000000,  0.399491, -0.050915,  0.001069,  0.000034,  0.000283
   43,     7_1_0,  0.000000,  0.115706,  0.028240,  0.000962,  0.000717,  0.000074
   44,     7_2_0,  0.000000,  0.279522,  0.263870, -0.000058,  0.000733, -0.001135
   45,     7_3_0,  0.000000,  0.507738, -0.064863,  0.000416, -0.001148, -0.000744
   46,     7_4_0,  0.000000,  0.000000,  0.000000,  0.000000,  0.000000,  0.000000
   47,     7_5_0,  0.000000,  0.207815,  0.249584, -0.000333,  0.000355, -0.000186
   48,     8_0_0,  0.000000,  0.000000,  0.000000,  0.000000,  0.000000,  0.000000
   49,     8_1_0,  0.000000,  0.000000,  0.000000,  0.000000,  0.000000,  0.000000
   50,     8_2_0,  0.000000,  0.000000,  0.000000,  0.000000,  0.000000,  0.000000
   51,     8_3_0,  0.000000,  0.000000,  0.000000,  0.000000,  0.000000,  0.000000
   52,     8_4_0,  0.000000,  0.000000,  0.000000,  0.000000,  0.000000,  0.000000
   53,     8_5_0,  0.000000,  0.000000,  0.000000,  0.000000,  0.000000,  0.000000
   54,     9_0_0,  0.000000,  0.000000,  0.000000,  0.000000,  0.000000,  0.000000
   55,     9_1_0,  0.000000,  0.000000,  0.000000,  0.000000,  0.000000,  0.000000
   56,     9_2_0,  0.000000,  0.000000,  0.000000,  0.000000,  0.000000,  0.000000
   57,     9_3_0,  0.000000,  0.000000,  0.000000,  0.000000,  0.000000,  0.000000
   58,     9_4_0,  0.000000,  0.000000,  0.000000,  0.000000,  0.000000,  0.000000
   59,     9_5_0,  0.000000,  0.000000,  0.000000,  0.000000,  0.000000,  0.000000
   60,    10_0_0,  0.000000,  0.000000,  0.000000,  0.000000,  0.000000,  0.000000
   61,    10_1_0,  0.000000,  0.000000,  0.000000,  0.000000,  0.000000,  0.000000
   62,    10_2_0,  0.000000,  0.000000,  0.000000,  0.000000,  0.000000,  0.000000
   63,    10_3_0,  0.000000,  0.000000,  0.000000,  0.000000,  0.000000,  0.000000
   64,    10_4_0,  0.000000,  0.000000,  0.000000,  0.000000,  0.000000,  0.000000
   65,    10_5_0,  0.000000,  0.000000,  0.000000,  0.000000,  0.000000,  0.000000
   66,    11_0_0,  0.000000,  0.000000,  0.000000,  0.000000,  0.000000,  0.000000
   67,    11_1_0,  0.000000,  0.000000,  0.000000,  0.000000,  0.000000,  0.000000
   68,    11_2_0,  0.000000,  0.000000,  0.000000,  0.000000,  0.000000,  0.000000
   69,    11_3_0,  0.000000,  0.000000,  0.000000,  0.000000,  0.000000,  0.000000
   70,    11_4_0,  0.000000,  0.000000,  0.000000,  0.000000,  0.000000,  0.000000
   71,    11_5_0,  0.000000,  0.000000,  0.000000,  0.000000,  0.000000,  0.000000
   72,    12_0_0,  0.000000,  0.000000,  0.000000,  0.000000,  0.000000,  0.000000
   73,    12_1_0,  0.000000,  0.000000,  0.000000,  0.000000,  0.000000,  0.000000
   74,    12_2_0,  0.000000,  0.000000,  0.000000,  0.000000,  0.000000,  0.000000
   75,    12_3_0,  0.000000,  0.000000,  0.000000,  0.000000,  0.000000,  0.000000
   76,    12_4_0,  0.000000,  0.000000,  0.000000,  0.000000,  0.000000,  0.000000
   77,    12_5_0,  0.000000,  0.000000,  0.000000,  0.000000,  0.000000,  0.000000
   78,    13_0_0,  0.000000,  0.000000,  0.000000,  0.000000,  0.000000,  0.000000
   79,    13_1_0,  0.000000,  0.000000,  0.000000,  0.000000,  0.000000,  0.000000
   80,    13_2_0,  0.000000,  0.000000,  0.000000,  0.000000,  0.000000,  0.000000
   81,    13_3_0,  0.000000,  0.000000,  0.000000,  0.000000,  0.000000,  0.000000
   82,    13_4_0,  0.000000,  0.000000,  0.000000,  0.000000,  0.000000,  0.000000
   83,    13_5_0,  0.000000,  0.000000,  0.000000,  0.000000,  0.000000,  0.000000
   84,    14_0_0,  0.000000,  0.000000,  0.000000,  0.000000,  0.000000,  0.000000
   85,    14_1_0,  0.000000,  0.000000,  0.000000,  0.000000,  0.000000,  0.000000
   86,    14_2_0,  0.000000,  0.000000,  0.000000,  0.000000,  0.000000,  0.000000
   87,    14_3_0,  0.000000,  0.000000,  0.000000,  0.000000,  0.000000,  0.000000
   88,    14_4_0,  0.000000,  0.000000,  0.000000,  0.000000,  0.000000,  0.000000
   89,    14_5_0,  0.000000,  0.000000,  0.000000,  0.000000,  0.000000,  0.000000
   90,    15_0_0,  0.000000,  0.000000,  0.000000,  0.000000,  0.000000,  0.000000
   91,    15_1_0,  0.000000,  0.000000,  0.000000,  0.000000,  0.000000,  0.000000
   92,    15_2_0,  0.000000,  0.000000,  0.000000,  0.000000,  0.000000,  0.000000
   93,    15_3_0,  0.000000,  0.000000,  0.000000,  0.000000,  0.000000,  0.000000
   94,    15_4_0,  0.000000,  0.000000,  0.000000,  0.000000,  0.000000,  0.000000
   95,    15_5_0,  0.000000,  0.000000,  0.000000,  0.000000,  0.000000,  0.000000
   96,    16_0_0,  0.000000,  0.000000,  0.000000,  0.000000,  0.000000,  0.000000
   97,    16_1_0,  0.000000,  0.000000,  0.000000,  0.000000,  0.000000,  0.000000
   98,    16_2_0,  0.000000,  0.000000,  0.000000,  0.000000,  0.000000,  0.000000
   99,    16_3_0,  0.000000,  0.000000,  0.000000,  0.000000,  0.000000,  0.000000
  100,    16_4_0,  0.000000,  0.000000,  0.000000,  0.000000,  0.000000,  0.000000
  101,    16_5_0,  0.000000,  0.000000,  0.000000,  0.000000,  0.000000,  0.000000
  102,    17_0_0,  0.000000,  0.000000,  0.000000,  0.000000,  0.000000,  0.000000
  103,    17_1_0,  0.000000,  0.000000,  0.000000,  0.000000,  0.000000,  0.000000
  104,    17_2_0,  0.000000,  0.000000,  0.000000,  0.000000,  0.000000,  0.000000
  105,    17_3_0,  0.000000,  0.000000,  0.000000,  0.000000,  0.000000,  0.000000
  106,    17_4_0,  0.000000,  0.000000,  0.000000,  0.000000,  0.000000,  0.000000
  107,    17_5_0,  0.000000,  0.000000,  0.000000,  0.000000,  0.000000,  0.000000
  108,    18_0_0,  0.000000,  0.000000,  0.000000,  0.000000,  0.000000,  0.000000
  109,    18_1_0,  0.000000,  0.025599,  0.008867, -0.000350, -0.000218,  0.000252
  110,    18_2_0,  0.000000,  0.000000,  0.000000,  0.000000,  0.000000,  0.000000
  111,    18_3_0,  0.000000,  0.183189,  0.234841,  0.000521,  0.000751, -0.000671
  112,    18_4_0,  0.000000, -0.136469,  0.022237,  0.000460,  0.000211, -0.000201
  113,    18_5_0,  0.000000,  0.104394, -0.221472,  0.001136, -0.000028,  0.000217
  114,    19_0_0,  0.000000,  0.262010, -0.045407,  0.000947,  0.000130,  0.000009
  115,    19_1_0,  0.000000, -0.137839, -0.145006,  0.000270,  0.000586,  0.000572
  116,    19_2_0,  0.000000,  0.416988, -0.015015,  0.000549,  0.000447, -0.000285
  117,    19_3_0,  0.000000,  0.000000,  0.000000,  0.000000,  0.000000,  0.000000
  118,    19_4_0,  0.000000,  0.220134,  0.035311,  0.000305, -0.000608,  0.000361
  119,    19_5_0,  0.000000,  0.065295,  0.119895, -0.000925,  0.000360, -0.000487
  120,    20_0_0,  0.000000,  0.214251,  0.043128, -0.000381,  0.000393, -0.000009
  121,    20_1_0,  0.000000,  0.170347,  0.087970, -0.001842, -0.000820,  0.000060
  122,    20_2_0,  0.000000,  0.328670,  0.154661,  0.000120, -0.000845, -0.000886
  123,    20_3_0,  0.000000,  0.334685,  0.186804, -0.000591,  0.000990, -0.000274
  124,    20_4_0,  0.000000,  0.129129,  0.155359,  0.001904,  0.000323,  0.000656
  125,    20_5_0,  0.000000,  0.351624,  0.078375,  0.000473, -0.000031, -0.000025
  126,    21_0_0,  0.000000,  0.000000,  0.000000,  0.000000,  0.000000,  0.000000
  127,    21_1_0,  0.000000,  0.136609,  0.071189,  0.001582,  0.000384, -0.000272
  128,    21_2_0,  0.000000,  0.054479,  0.030019, -0.000722,  0.000728, -0.000383
  129,    21_3_0,  0.000000,  0.099346, -0.088621,  0.000855, -0.001613, -0.000035
  130,    21_4_0,  0.000000,  0.059515,  0.135946, -0.000575, -0.000596,  0.000293
  131,    21_5_0,  0.000000,  0.165178,  0.183406, -0.000849,  0.000431,  0.000212
  132,    22_0_0,  0.000000,  0.056763,  0.155322, -0.000859,  0.000652, -0.000233
  133,    22_1_0,  0.000000,  0.000000,  0.000000,  0.000000,  0.000000,  0.000000
  134,    22_2_0,  0.000000,  0.119353,  0.118852, -0.000805, -0.001028, -0.000056
  135,    22_3_0,  0.000000,  0.041104,  0.065356,  0.000090,  0.000241, -0.000161
  136,    22_4_0,  0.000000,  0.052446, -0.160028,  0.000754,  0.000184,  0.000112
  137,    22_5_0,  0.000000,  0.074764,  0.048782,  0.000581,  0.000174, -0.000020
  138,    23_0_0,  0.000000, -0.133845,  0.288682,  0.001897, -0.000406,  0.000030
  139,    23_1_0,  0.000000, -0.152610,  0.231872,  0.001210, -0.000022, -0.000086
  140,    23_2_0,  0.000000,  0.000000,  0.000000,  0.000000,  0.000000,  0.000000
  141,    23_3_0,  0.000000,  0.058879,  0.019083,  0.000259, -0.000395,  0.000116
  142,    23_4_0,  0.000000, -0.056443,  0.079970, -0.000854,  0.000284, -0.000047
  143,    23_5_0,  0.000000,  0.000000,  0.000000,  0.000000,  0.000000,  0.000000
  144,    24_0_0,  0.000000,  0.050996,  0.057623, -0.001120,  0.000250, -0.000219
  145,    24_1_0,  0.000000, -0.115400,  0.027683, -0.001235, -0.000534, -0.000077
  146,    24_2_0,  0.000000, -0.062587, -0.102267, -0.000327, -0.000871, -0.000090
  147,    24_3_0,  0.000000, -0.021953,  0.113378,  0.000527,  0.000955,  0.000053
  148,    24_4_0,  0.000000, -0.086719,  0.036545,  0.001072,  0.000617, -0.000037
  149,    24_5_0,  0.000000, -0.167039, -0.149157,  0.001178, -0.000492, -0.000323
  150,    25_0_0,  0.000000,  0.000000,  0.000000,  0.000000,  0.000000,  0.000000
  151,    25_1_0,  0.000000,  0.000000,  0.000000,  0.000000,  0.000000,  0.000000
  152,    25_2_0,  0.000000, -0.185801, -0.166964, -0.000652,  0.001226, -0.000164
  153,    25_3_0,  0.000000,  0.032325, -0.053932, -0.000335, -0.000797, -0.000099
  154,    25_4_0,  0.000000, -0.120894,  0.314526, -0.001513, -0.000320,  0.000061
  155,    25_5_0,  0.000000, -0.144747,  0.201496, -0.001229, -0.000234, -0.000004
  156,    26_0_0,  0.000000,  0.115638,  0.031693, -0.000140,  0.000300, -0.000252
  157,    26_1_0,  0.000000, -0.056958,  0.040674, -0.000604, -0.000690,  0.000182
  158,    26_2_0,  0.000000, -0.022153, -0.165621, -0.000813, -0.000489,  0.000083
  159,    26_3_0,  0.000000,  0.000000,  0.000000,  0.000000,  0.000000,  0.000000
  160,    26_4_0,  0.000000, -0.002583,  0.112581,  0.001070,  0.000229,  0.000355
  161,    26_5_0,  0.000000, -0.147807, -0.062021,  0.001207, -0.000002,  0.000000
  162,    27_0_0,  0.000000, -0.226191,  0.145771,  0.001916, -0.000196, -0.000280
  163,    27_1_0,  0.000000, -0.090104,  0.223828,  0.001237, -0.000502, -0.000291
  164,    27_2_0,  0.000000, -0.009263, -0.012183,  0.003021,  0.000158,  0.000085
  165,    27_3_0,  0.000000, -0.180497,  0.136325, -0.001547,  0.000162, -0.000051
  166,    27_4_0,  0.000000, -0.039443,  0.139718,  0.000107, -0.000321, -0.000293
  167,    27_5_0,  0.000000,  0.052565, -0.086854, -0.000835,  0.000185, -0.000144
  168,    28_0_0,  0.000000, -0.178323,  0.193016, -0.001068,  0.000281,  0.000112
  169,    28_1_0,  0.000000, -0.032058,  0.168278, -0.000900, -0.000365, -0.000301
  170,    28_2_0,  0.000000, -0.262290,  0.104921, -0.000905, -0.000292, -0.000192
  171,    28_3_0,  0.000000, -0.186714,  0.046502,  0.000412,  0.000171,  0.000132
  172,    28_4_0,  0.000000, -0.086372, -0.025674,  0.000580,  0.000279, -0.000368
  173,    28_5_0,  0.000000, -0.182109,  0.057473,  0.000362, -0.000165, -0.000279
  174,    29_0_0,  0.000000, -0.169852, -0.449819, -0.000952, -0.001004,  0.000255
  175,    29_1_0,  0.000000, -0.270373,  0.192025,  0.000738,  0.001038,  0.000177
  176,    29_2_0,  0.000000, -0.080870,  0.128465, -0.000663,  0.001886, -0.000509
  177,    29_3_0,  0.000000, -0.290335, -0.228973,  0.004995, -0.000454, -0.000038
  178,    29_4_0,  0.000000, -0.108076,  0.562308, -0.000882, -0.000867,  0.000450
  179,    29_5_0,  0.000000, -0.203295,  0.277917,  0.000017, -0.000968,  0.000062
  180,    30_0_0,  0.000000, -0.176684,  0.007982,  0.000285,  0.000372, -0.000386
  181,    30_1_0,  0.000000, -0.081437, -0.041887, -0.000207, -0.000237, -0.000144
  182,    30_2_0,  0.000000, -0.067147, -0.019561,  0.000241, -0.000740,  0.000028
  183,    30_3_0,  0.000000, -0.035546,  0.015433, -0.000085,  0.000690, -0.000119
  184,    30_4_0,  0.000000, -0.161657, -0.096221,  0.001064,  0.000420, -0.000175
  185,    30_5_0,  0.000000,  0.036373, -0.081359,  0.001295, -0.000044, -0.000273
  186,    31_0_0,  0.000000, -0.248368,  0.104219,  0.000743,  0.000974, -0.000153
  187,    31_1_0,  0.000000, -0.026441, -0.087980,  0.004424,  0.000039, -0.000194
  188,    31_2_0,  0.000000, -0.235809,  0.489954, -0.000496, -0.000056,  0.000282
  189,    31_3_0,  0.000000, -0.179969,  0.038066, -0.000293, -0.001258,  0.000146
  190,    31_4_0,  0.000000, -0.109128, -0.410925, -0.001308, -0.000934, -0.000186
  191,    31_5_0,  0.000000, -0.092330,  0.233157,  0.000621,  0.001154, -0.000011
  192,    32_0_0,  0.000000,  0.000000,  0.000000,  0.000000,  0.000000,  0.000000
  193,    32_1_0,  0.000000,  0.025482, -0.097670, -0.001360, -0.000529, -0.000138
  194,    32_2_0,  0.000000, -0.350145,  0.132487, -0.000116, -0.001124, -0.000053
  195,    32_3_0,  0.000000, -0.037484,  0.248050, -0.000167,  0.000713, -0.000352
  196,    32_4_0,  0.000000, -0.120546,  0.018325,  0.001570,  0.000350, -0.000077
  197,    32_5_0,  0.000000, -0.309235,  0.000437,  0.001328, -0.000286,  0.000358
  198,    33_0_0,  0.000000, -0.190217, -0.276765,  0.000314, -0.000663,  0.000116
  199,    33_1_0,  0.000000,  0.000000,  0.000000,  0.000000,  0.000000,  0.000000
  200,    33_2_0,  0.000000, -0.158412, -0.087035, -0.000443,  0.001425, -0.000311
  201,    33_3_0,  0.000000, -0.086375, -0.276650, -0.000241, -0.000836, -0.000301
  202,    33_4_0,  0.000000, -0.099510,  0.280624, -0.001962, -0.000718, -0.000107
  203,    33_5_0,  0.000000, -0.015634,  0.193470, -0.001292, -0.000302, -0.000002
  204,    34_0_0,  0.000000, -0.203127, -0.096454, -0.002044, -0.000354,  0.000035
  205,    34_1_0,  0.000000, -0.190568,  0.135785, -0.000400, -0.000230,  0.000121
  206,    34_2_0,  0.000000, -0.080627, -0.036688, -0.000412, -0.000045,  0.000180
  207,    34_3_0,  0.000000, -0.143187,  0.117138,  0.004060,  0.000972,  0.000285
  208,    34_4_0,  0.000000, -0.182905,  0.387850,  0.001156,  0.000443, -0.000008
  209,    34_5_0,  0.000000, -0.060788,  0.001808,  0.002102, -0.000839, -0.000204
  210,    35_0_0,  0.000000, -0.140115,  0.027564,  0.000976,  0.000245, -0.000941
  211,    35_1_0,  0.000000, -0.238630, -0.024388,  0.001092,  0.000421, -0.000357
  212,    35_2_0,  0.000000, -0.290007,  0.093612,  0.000138,  0.000951,  0.000327
  213,    35_3_0,  0.000000,  0.000000,  0.000000,  0.000000,  0.000000,  0.000000
  214,    35_4_0,  0.000000, -0.421715, -0.037086, -0.001025, -0.000429,  0.000135
  215,    35_5_0,  0.000000, -0.249140,  0.108471, -0.000123,  0.000188, -0.000127
