TABLE CalTimeCalib 124155
   0,   -505.948
   1,   -507.663
   2,   -507.222
   3,   -506.166
   4,   -508.607
   5,   -340.526
   6,  -1179.440
   7,  -1008.960
   8,  -1009.187
   9,  -1010.050
  10,  -1008.913
  11,  -1010.494
  12,   -844.083
  13,   -848.441
  14,      0.000
  15,   -838.524
  16,   -834.244
  17,   -667.925
  18,   -831.460
  19,   -666.115
  20,   -834.049
  21,   -668.632
  22,    -15.086
  23,   -185.995
  24,    -13.678
  25,   -184.648
  26,    -14.429
  27,   -172.969
  28,    -15.234
  29,   -184.568
  30,   -176.034
  31,   -177.307
  32,   -505.792
  33,   -504.658
  34,   -513.356
  35,   -507.375
  36,   -515.391
  37,   -344.940
  38,   -509.638
  39,   -343.211
  40,   -506.905
  41,   -342.446
  42,   -346.331
  43,   -499.182
  44,   -349.878
  45,   -499.707
  46,  -1178.633
  47,  -1176.943
  48,  -1183.983
  49,  -1010.789
  50,  -1181.440
  51,  -1011.306
  52,  -1181.781
  53,  -1010.911
  54,  -1009.064
  55,  -1009.086
  56,  -1009.875
  57,  -1009.662
  58,  -1009.780
  59,  -1008.900
  60,   -844.816
  61,   -854.300
  62,   -844.938
  63,   -679.910
  64,   -345.365
  65,   -338.034
  66,   -332.567
  67,   -337.234
  68,   -335.982
  69,   -336.061
  70,      0.000
  71,   -837.389
  72,      0.000
  73,   -832.136
  74,      0.000
  75,   -835.999
  76,   -833.133
  77,   -668.326
  78,   -832.691
  79,   -667.184
  80,   -661.690
  81,   -662.627
  82,   -660.367
  83,   -661.167
  84,      0.000
  85,   -661.834
  86,      0.000
  87,  -1003.991
  88,      0.000
  89,  -1002.770
  90,   -356.106
  91,   -526.574
  92,   -356.122
  93,   -527.811
  94,    -13.835
  95,    -12.435
  96,    -13.189
  97,    -13.630
  98,     -2.326
  99,   -183.249
 100,    -15.300
 101,   -174.752
 102,    -15.852
 103,   -179.161
 104,   -183.943
 105,   -178.177
 106,   -185.821
 107,   -184.937
 108,  -1023.820
 109,  -1029.850
 110,  -1025.415
 111,  -1024.155
 112,  -1024.310
 113,  -1023.670
 114,    -11.990
 115,   -176.881
 116,   -178.798
 117,   -178.382
 118,   -507.091
 119,   -506.233
 120,   -513.119
 121,   -502.379
 122,   -506.645
 123,   -505.199
 124,   -511.994
 125,   -343.496
 126,   -511.430
 127,   -342.561
 128,   -334.345
 129,   -342.644
 130,   -345.775
 131,      0.000
 132,   -341.994
 133,   -498.185
 134,  -1176.382
 135,  -1175.972
 136,  -1179.067
 137,  -1178.808
 138,  -1179.645
 139,  -1010.825
 140,  -1181.010
 141,  -1010.846
 142,  -1179.986
 143,  -1016.150
 144,  -1007.006
 145,  -1010.992
 146,  -1015.260
 147,  -1016.740
 148,  -1008.692
 149,  -1009.120
 150,   -844.093
 151,   -848.047
 152,   -845.085
 153,   -849.363
 154,   -849.798
 155,   -676.398
 156,   -845.430
 157,   -679.443
 158,   -673.581
 159,      0.000
 160,   -674.280
 161,      0.000
 162,   -505.597
 163,   -504.037
 164,   -504.235
 165,   -501.348
 166,      0.000
 167,   -332.944
 168,      0.000
 169,   -331.075
 170,   -334.166
 171,   -335.304
 172,   -332.129
 173,   -337.581
 174,   -334.948
 175,   -334.635
 176,      0.000
 177,   -161.741
 178,      0.000
 179,   -163.780
 180,   -165.191
 181,    -10.573
 182,   -162.808
 183,    -10.012
 184,     -4.005
 185,      3.386
 186,     -4.503
 187,      8.084
 188,  -1170.883
 189,  -1016.330
 190,  -1172.515
 191,  -1007.536
 192,      0.000
 193,   -833.949
 194,      0.000
 195,   -837.609
 196,   -833.371
 197,   -668.852
 198,      0.000
 199,   -666.965
 200,   -834.171
 201,   -669.432
 202,   -660.585
 203,   -657.383
 204,   -666.585
 205,   -661.955
 206,   -658.126
 207,   -661.082
 208,      0.000
 209,  -1002.109
 210,      0.000
 211,  -1000.278
 212,   -353.057
 213,   -524.574
 214,   -353.638
 215,   -522.820
 216,    -13.489
 217,    -13.807
 218,    -11.928
 219,    -11.480
 220,    -11.046
 221,    -11.658
 222,     -3.699
 223,   -183.003
 224,    -13.480
 225,   -184.139
 226,    -15.077
 227,   -184.580
 228,   -182.773
 229,   -182.297
 230,   -186.635
 231,   -186.385
 232,   -353.406
 233,   -524.384
 234,   -355.400
 235,   -526.354
 236,   -685.092
 237,   -690.002
 238,   -685.464
 239,   -684.539
 240,   -691.105
 241,   -850.905
 242,   -693.912
 243,   -853.138
 244,   -854.462
 245,   -858.469
 246,   -853.699
 247,   -858.943
 248,  -1024.513
 249,  -1027.238
 250,  -1024.360
 251,  -1018.220
 252,  -1022.475
 253,  -1027.685
 254,  -1028.780
 255,  -1188.320
 256,  -1028.494
 257,  -1194.817
 258,  -1193.699
 259,  -1195.900
 260,  -1189.664
 261,  -1190.543
 262,     -5.752
 263,     -6.498
 264,    -10.764
 265,     -5.193
 266,    -10.290
 267,   -175.185
 268,     -8.706
 269,   -172.667
 270,   -175.911
 271,   -177.080
 272,   -171.857
 273,   -175.766
 274,   -507.120
 275,   -508.036
 276,   -504.836
 277,   -505.172
 278,   -508.692
 279,   -340.648
 280,   -508.375
 281,   -344.549
 282,   -513.835
 283,   -344.253
 284,   -514.158
 285,   -345.081
 286,   -347.689
 287,   -498.451
 288,   -347.432
 289,   -499.103
 290,  -1176.802
 291,  -1176.110
 292,  -1177.700
 293,  -1178.554
 294,  -1178.078
 295,  -1177.415
 296,  -1179.495
 297,  -1009.671
 298,  -1016.660
 299,  -1180.158
 300,  -1178.251
 301,  -1008.031
 302,  -1009.053
 303,  -1008.090
 304,  -1009.002
 305,  -1008.695
 306,  -1016.700
 307,  -1016.030
 308,   -847.733
 309,   -851.873
 310,   -847.288
 311,   -851.578
 312,   -854.767
 313,   -853.865
 314,   -843.343
 315,   -677.185
 316,   -842.628
 317,   -677.904
 318,   -677.509
 319,      0.000
 320,   -672.338
 321,      0.000
 322,   -503.955
 323,   -503.769
 324,   -501.817
 325,   -501.196
 326,      0.000
 327,   -333.731
 328,      0.000
 329,   -330.731
 330,   -335.547
 331,   -334.797
 332,   -332.907
 333,   -337.333
 334,   -330.930
 335,   -336.215
 336,      0.000
 337,   -162.931
 338,   -182.141
 339,   -164.862
 340,   -162.332
 341,     -9.471
 342,   -161.970
 343,    -10.327
 344,     -2.190
 345,      7.762
 346,      0.000
 347,      2.138
 348,  -1168.148
 349,  -1004.023
 350,  -1170.151
 351,  -1005.635
 352,  -1167.217
 353,  -1002.124
 354,      0.000
 355,   -835.661
 356,      0.000
 357,   -849.480
 358,   -830.105
 359,   -665.766
 360,   -833.416
 361,   -669.039
 362,   -834.144
 363,   -669.188
 364,   -665.889
 365,   -659.086
 366,   -660.007
 367,   -658.412
 368,   -657.712
 369,   -658.607
 370,      0.000
 371,  -1004.770
 372,      0.000
 373,  -1003.804
 374,   -350.217
 375,   -522.046
 376,   -351.775
 377,   -522.355
 378,   -355.157
 379,   -525.261
 380,    -11.983
 381,    -12.408
 382,    -12.010
 383,    -12.160
 384,    -14.504
 385,    -13.304
 386,    -13.404
 387,   -185.205
 388,    -12.967
 389,   -183.768
 390,    -13.396
 391,   -184.208
 392,   -184.236
 393,   -184.383
 394,   -184.967
 395,   -183.949
 396,   -181.528
 397,   -180.777
 398,   -355.340
 399,   -525.587
 400,   -357.225
 401,   -527.994
 402,   -684.777
 403,   -687.484
 404,   -686.795
 405,   -686.279
 406,   -692.494
 407,   -854.310
 408,   -691.442
 409,   -849.837
 410,   -858.286
 411,   -862.603
 412,   -854.270
 413,   -859.241
 414,  -1025.888
 415,  -1026.331
 416,  -1024.355
 417,  -1024.074
 418,  -1019.787
 419,  -1030.549
 420,  -1029.520
 421,  -1187.859
 422,  -1025.668
 423,  -1184.860
 424,  -1183.500
 425,  -1183.090
 426,  -1184.020
 427,  -1184.280
 428,     -5.344
 429,     -2.587
 430,    -10.841
 431,     -4.939
 432,    -13.043
 433,   -176.959
 434,     -8.061
 435,   -166.134
 436,   -176.183
 437,   -176.262
 438,   -176.378
 439,   -174.961
 440,   -174.819
 441,   -174.818
 442,   -504.622
 443,   -503.140
 444,   -506.313
 445,   -506.713
 446,   -511.781
 447,   -339.151
 448,   -507.044
 449,   -340.034
 450,   -506.014
 451,   -342.705
 452,   -508.170
 453,   -344.156
 454,   -349.238
 455,   -499.560
 456,   -347.162
 457,   -504.094
 458,   -344.556
 459,   -499.105
 460,  -1184.550
 461,  -1184.250
 462,  -1178.834
 463,  -1178.554
 464,  -1175.120
 465,  -1175.729
 466,  -1179.707
 467,  -1009.768
 468,  -1179.733
 469,  -1017.440
 470,  -1181.110
 471,  -1011.012
 472,  -1009.379
 473,  -1008.003
 474,  -1010.390
 475,  -1009.979
 476,  -1017.100
 477,  -1017.120
 478,   -844.886
 479,   -849.770
 480,   -846.855
 481,   -850.733
 482,   -845.212
 483,   -849.067
 484,   -845.032
 485,   -679.132
 486,   -844.861
 487,   -679.751
 488,   -670.215
 489,      0.000
 490,   -672.577
 491,      0.000
 492,   -509.679
 493,   -509.403
 494,   -503.292
 495,   -509.833
 496,   -504.733
 497,   -504.286
 498,      0.000
 499,   -334.741
 500,      0.000
 501,   -333.913
 502,   -336.647
 503,   -336.693
 504,   -336.401
 505,   -336.284
 506,   -329.898
 507,   -336.652
 508,      0.000
 509,   -174.256
 510,      0.000
 511,   -165.468
 512,   -159.305
 513,     -9.594
 514,   -160.146
 515,    -10.665
 516,     -5.179
 517,      6.692
 518,      0.000
 519,     -5.436
 520,  -1171.568
 521,  -1005.937
 522,  -1170.166
 523,  -1001.717
 524,  -1170.927
 525,  -1002.805
 526,      0.000
 527,   -839.039
 528,      0.000
 529,   -838.578
 530,   -830.409
 531,   -679.275
 532,   -833.037
 533,   -668.598
 534,   -832.492
 535,   -668.553
 536,   -844.013
 537,   -666.695
 538,   -661.557
 539,   -661.267
 540,   -660.751
 541,   -662.842
 542,   -661.132
 543,   -662.189
 544,   -660.841
 545,   -661.647
 546,  -1005.093
 547,      0.000
 548,      0.000
 549,  -1000.778
 550,   -352.485
 551,   -523.543
 552,   -351.895
 553,   -522.099
 554,   -351.012
 555,   -522.983
 556,    -13.843
 557,    -14.588
 558,    -14.220
 559,    -13.705
 560,     -7.955
 561,     -9.095
 562,    -12.710
 563,   -184.377
 564,    -13.110
 565,   -178.608
 566,    -15.075
 567,   -186.423
 568,   -185.077
 569,   -185.321
 570,   -188.760
 571,   -189.072
 572,   -185.287
 573,   -185.580
 574,   -352.905
 575,   -525.457
 576,   -357.681
 577,   -527.844
 578,   -686.659
 579,   -686.340
 580,   -686.719
 581,   -689.368
 582,   -687.128
 583,   -690.447
 584,   -692.996
 585,   -854.358
 586,   -686.378
 587,   -852.435
 588,   -850.292
 589,   -855.604
 590,   -851.445
 591,   -856.219
 592,  -1024.206
 593,  -1029.720
 594,  -1027.250
 595,  -1027.637
 596,  -1026.421
 597,  -1026.779
 598,  -1028.863
 599,  -1191.008
 600,  -1032.570
 601,  -1193.609
 602,  -1191.048
 603,  -1191.258
 604,  -1192.725
 605,  -1193.440
 606,  -1192.403
 607,  -1192.836
 608,     -5.569
 609,     -4.094
 610,    -11.900
 611,     -6.750
 612,     -8.219
 613,   -173.099
 614,    -11.370
 615,   -177.489
 616,   -178.127
 617,   -179.160
 618,   -175.583
 619,   -177.181
 620,   -175.500
 621,   -176.072
 622,      0.000
 623,   -338.332
 624,      0.000
 625,   -508.731
 626,   -514.030
 627,   -505.711
 628,   -512.826
 629,   -342.752
 630,   -508.818
 631,   -343.327
 632,   -517.067
 633,   -347.334
 634,   -513.920
 635,   -345.330
 636,   -346.145
 637,   -497.638
 638,   -347.586
 639,   -497.708
 640,   -350.424
 641,   -499.884
 642,  -1180.717
 643,  -1181.420
 644,  -1181.378
 645,  -1180.486
 646,  -1180.170
 647,  -1179.361
 648,  -1180.115
 649,  -1009.491
 650,  -1184.555
 651,  -1013.354
 652,  -1182.193
 653,  -1011.582
 654,  -1010.770
 655,  -1011.294
 656,  -1015.320
 657,  -1009.210
 658,  -1006.517
 659,  -1011.411
 660,  -1010.721
 661,  -1009.775
 662,   -848.404
 663,   -848.898
 664,   -846.992
 665,   -851.621
 666,   -846.885
 667,   -850.928
 668,   -845.253
 669,   -679.367
 670,   -844.087
 671,   -677.653
 672,   -667.976
 673,      0.000
 674,   -671.492
 675,      0.000
 676,   -501.540
 677,   -500.543
 678,   -502.460
 679,   -502.499
 680,   -511.657
 681,   -510.540
 682,      0.000
 683,   -338.136
 684,      0.000
 685,   -335.842
 686,   -340.376
 687,   -339.697
 688,   -339.016
 689,   -339.018
 690,   -335.717
 691,   -340.024
 692,      0.000
 693,   -163.509
 694,   -174.738
 695,   -165.826
 696,   -162.156
 697,     -8.192
 698,   -161.768
 699,    -10.070
 700,      0.000
 701,      4.576
 702,      0.000
 703,      4.267
 704,      0.000
 705,      3.360
 706,  -1169.233
 707,  -1007.183
 708,  -1169.424
 709,  -1002.091
 710,  -1154.036
 711,  -1003.026
 712,      0.000
 713,   -837.420
 714,      0.000
 715,   -837.079
 716,   -845.221
 717,   -667.500
 718,   -830.444
 719,   -680.132
 720,   -830.272
 721,   -668.907
 722,   -674.394
 723,   -662.152
 724,   -665.693
 725,   -660.468
 726,   -659.110
 727,   -660.386
 728,   -665.475
 729,   -660.945
 730,      0.000
 731,  -1004.417
 732,      0.000
 733,  -1003.885
 734,      0.000
 735,  -1005.240
 736,      0.000
 737,  -1000.593
 738,   -353.129
 739,   -524.542
 740,   -354.711
 741,   -524.579
 742,   -355.767
 743,   -525.084
 744,    -11.067
 745,    -12.414
 746,    -12.713
 747,    -12.641
 748,    -14.255
 749,    -14.132
 750,    -12.431
 751,    -11.748
 752,    -17.219
 753,   -183.182
 754,    -14.697
 755,   -185.025
 756,   -187.200
 757,   -187.307
 758,   -185.998
 759,   -186.244
 760,   -185.593
 761,   -185.955
 762,   -354.764
 763,   -526.970
 764,   -356.914
 765,   -528.243
 766,   -354.881
 767,   -527.313
 768,   -687.311
 769,   -687.723
 770,   -687.768
 771,   -686.534
 772,   -680.894
 773,   -685.929
 774,   -685.909
 775,   -845.414
 776,   -691.799
 777,   -855.876
 778,   -855.610
 779,   -858.722
 780,   -855.091
 781,   -859.843
 782,  -1027.010
 783,  -1025.735
 784,  -1024.620
 785,  -1030.715
 786,  -1025.134
 787,  -1032.277
 788,  -1023.870
 789,  -1192.147
 790,  -1029.056
 791,  -1193.444
 792,  -1192.631
 793,  -1192.064
 794,  -1183.230
 795,  -1183.430
 796,  -1193.101
 797,  -1193.025
 798,     -6.124
 799,     -6.198
 800,     -6.233
 801,     -6.216
 802,    -12.372
 803,   -176.690
 804,    -10.459
 805,   -175.967
 806,   -176.488
 807,   -176.200
 808,      0.000
 809,   -175.999
 810,   -175.622
 811,   -167.272
 812,   -508.750
 813,   -507.970
 814,   -511.237
 815,   -511.438
 816,   -510.918
 817,   -345.756
 818,   -515.077
 819,   -345.039
 820,   -518.038
 821,   -346.939
 822,   -347.475
 823,   -498.817
 824,   -347.419
 825,   -498.924
 826,   -498.911
 827,   -503.744
 828,   -347.009
 829,   -499.223
 830,  -1177.963
 831,  -1178.720
 832,  -1179.469
 833,  -1185.000
 834,  -1180.541
 835,  -1179.439
 836,  -1178.416
 837,  -1179.546
 838,  -1179.396
 839,  -1011.365
 840,  -1181.104
 841,  -1012.746
 842,  -1182.470
 843,  -1012.299
 844,  -1010.561
 845,  -1011.817
 846,  -1009.614
 847,  -1013.921
 848,   -845.698
 849,   -850.268
 850,   -845.233
 851,   -851.137
 852,   -849.985
 853,   -854.490
 854,   -841.455
 855,   -676.808
 856,   -843.704
 857,   -678.397
 858,   -672.467
 859,      0.000
 860,   -679.923
 861,      0.000
 862,   -679.528
 863,      0.000
 864,   -505.414
 865,   -506.085
 866,   -502.677
 867,   -501.449
 868,   -505.216
 869,   -504.069
 870,      0.000
 871,   -333.696
 872,      0.000
 873,   -335.957
 874,      0.000
 875,   -335.693
 876,   -334.977
 877,   -338.627
 878,   -333.024
 879,   -337.244
 880,      0.000
 881,   -166.482
 882,      0.000
 883,   -164.696
 884,   -182.142
 885,   -165.323
 886,   -164.951
 887,    -11.149
 888,   -161.854
 889,    -10.150
 890,      0.000
 891,      4.684
 892,     -4.305
 893,      4.181
 894,      0.000
 895,      3.473
 896,  -1170.318
 897,  -1004.758
 898,  -1170.907
 899,  -1005.084
 900,      0.000
 901,   -840.491
 902,      0.000
 903,   -837.573
 904,      0.000
 905,   -836.784
 906,   -831.635
 907,   -667.235
 908,   -844.337
 909,   -679.978
 910,   -662.092
 911,   -661.806
 912,   -661.871
 913,   -662.170
 914,   -662.649
 915,   -663.003
 916,      0.000
 917,  -1004.468
 918,      0.000
 919,  -1004.655
 920,      0.000
 921,  -1003.403
 922,      0.000
 923,  -1002.572
 924,   -354.436
 925,   -525.846
 926,   -354.719
 927,   -525.496
 928,   -353.576
 929,   -523.273
 930,    -10.185
 931,    -10.616
 932,    -11.903
 933,    -11.954
 934,    -11.800
 935,    -10.864
 936,    -15.599
 937,    -14.736
 938,    -14.384
 939,   -183.443
 940,    -15.247
 941,   -186.029
 942,   -186.236
 943,   -186.324
 944,   -186.090
 945,   -186.270
 946,   -183.083
 947,   -181.393
 948,   -356.486
 949,   -527.074
 950,   -355.917
 951,      0.000
 952,   -685.164
 953,   -690.802
 954,   -686.282
 955,   -686.137
 956,   -686.111
 957,   -690.740
 958,   -691.385
 959,   -856.638
 960,   -691.368
 961,   -850.110
 962,   -852.459
 963,   -859.079
 964,   -854.009
 965,   -857.731
 966,   -855.905
 967,   -861.626
 968,  -1027.483
 969,  -1032.297
 970,  -1028.465
 971,  -1031.977
 972,  -1031.390
 973,  -1192.965
 974,  -1030.833
 975,  -1191.888
 976,  -1028.733
 977,  -1192.816
 978,  -1192.456
 979,  -1190.935
 980,  -1193.091
 981,  -1192.593
 982,  -1192.918
 983,  -1184.740
 984,     -9.261
 985,     -5.297
 986,    -10.689
 987,     -4.657
 988,     -7.764
 989,     -6.778
 990,    -11.390
 991,   -174.863
 992,    -14.520
 993,   -178.861
 994,   -167.395
 995,   -167.455
 996,   -173.869
 997,   -175.612
 998,   -175.626
 999,   -176.424
1000,   -511.356
1001,   -505.051
1002,   -509.029
1003,   -506.988
1004,   -350.903
1005,   -499.268
1006,   -349.683
1007,   -498.433
1008,   -348.414
1009,   -504.171
1010,   -351.128
1011,   -503.879
1012,  -1179.724
1013,  -1180.368
1014,  -1179.977
1015,  -1178.572
1016,  -1180.330
1017,  -1178.772
1018,  -1178.810
1019,  -1180.732
1020,  -1182.442
1021,  -1012.195
1022,   -845.722
1023,   -850.699
1024,   -846.907
1025,   -851.751
1026,   -844.733
1027,   -851.112
1028,   -844.513
1029,   -678.426
1030,   -843.353
1031,   -677.351
1032,   -849.987
1033,   -678.249
1034,   -673.473
1035,      0.000
1036,   -683.954
1037,      0.000
1038,   -678.720
1039,      0.000
1040,   -503.758
1041,   -504.233
1042,   -500.179
1043,   -501.278
1044,      0.000
1045,   -336.381
1046,      0.000
1047,   -336.512
1048,      0.000
1049,   -334.266
1050,      0.000
1051,   -333.645
1052,   -334.814
1053,   -338.815
1054,   -336.765
1055,   -337.812
1056,      0.000
1057,   -166.515
1058,      0.000
1059,   -164.963
1060,      0.000
1061,   -161.494
1062,   -160.090
1063,    -10.929
1064,   -162.236
1065,    -10.745
1066,   -161.598
1067,    -10.851
1068,      0.000
1069,      4.785
1070,      0.000
1071,      6.261
1072,  -1170.279
1073,  -1004.954
1074,  -1167.251
1075,  -1005.705
1076,  -1169.490
1077,  -1005.368
1078,      0.000
1079,   -837.761
1080,      0.000
1081,   -841.232
1082,      0.000
1083,   -840.538
1084,      0.000
1085,  -1001.085
1086,      0.000
1087,  -1004.570
1088,      0.000
1089,  -1006.677
1090,      0.000
1091,  -1004.218
1092,   -351.900
1093,   -522.497
1094,   -352.262
1095,   -524.538
1096,   -352.649
1097,   -524.499
1098,   -352.150
1099,   -523.383
1100,    -14.394
1101,    -14.962
1102,   -184.242
1103,   -183.689
1104,   -186.705
1105,   -181.698
1106,   -182.032
1107,   -181.963
1108,   -357.549
1109,   -522.452
1110,   -356.376
1111,   -527.717
1112,   -354.039
1113,   -525.057
1114,   -684.748
1115,   -686.600
1116,   -686.331
1117,   -690.228
1118,   -693.101
1119,   -856.635
1120,   -689.597
1121,   -854.826
1122,   -693.370
1123,   -857.659
1124,   -851.004
1125,   -855.742
1126,   -856.491
1127,   -861.638
1128,   -855.784
1129,   -860.649
1130,  -1024.022
1131,  -1023.899
1132,  -1027.581
1133,  -1027.831
1134,  -1030.145
1135,  -1194.493
1136,  -1011.840
1137,  -1190.810
1138,  -1031.127
1139,  -1195.309
1140,  -1028.491
1141,  -1193.069
1142,  -1194.413
1143,  -1190.610
1144,  -1189.994
1145,  -1191.266
1146,     -6.615
1147,     -6.113
1148,    -12.312
1149,     -7.982
1150,      2.527
1151,      3.472
1152,    -12.246
1153,   -175.473
1154,    -13.022
1155,   -176.443
1156,     -9.290
1157,   -174.555
1158,   -174.668
1159,   -176.022
1160,   -179.471
1161,   -178.624
1162,   -179.357
1163,   -178.897
1164,   -834.504
1165,   -823.930
1166,   -846.301
1167,   -681.680
1168,   -845.450
1169,   -676.974
1170,   -844.401
1171,   -678.021
1172,   -841.843
1173,   -683.499
1174,   -670.919
1175,      0.000
1176,   -671.329
1177,      0.000
1178,   -673.499
1179,      0.000
1180,   -505.425
1181,   -510.164
1182,   -510.591
1183,      0.000
1184,      0.000
1185,   -333.405
1186,      0.000
1187,   -342.393
1188,      0.000
1189,   -332.888
1190,      0.000
1191,   -335.793
1192,   -330.026
1193,   -338.560
1194,      0.000
1195,   -166.852
1196,      0.000
1197,   -162.542
1198,      0.000
1199,   -163.684
1200,   -157.739
1201,    -10.518
1202,   -165.368
1203,    -11.681
1204,   -163.840
1205,    -11.046
1206,      0.000
1207,     -5.275
1208,     -5.434
1209,      5.895
1210,      0.000
1211,      5.328
1212,  -1170.460
1213,  -1001.007
1214,  -1170.385
1215,  -1005.725
1216,      0.000
1217,   -831.530
1218,      0.000
1219,   -815.566
1220,   -138.854
1221,   -142.960
1222,   -357.201
1223,   -526.758
1224,   -353.437
1225,   -525.302
1226,   -356.393
1227,   -523.290
1228,   -357.192
1229,   -523.174
1230,   -683.611
1231,   -685.604
1232,   -681.442
1233,   -685.943
1234,   -693.594
1235,   -850.981
1236,   -692.994
1237,   -851.771
1238,   -691.294
1239,   -851.188
1240,   -853.313
1241,   -858.476
1242,   -857.170
1243,   -861.676
1244,   -857.390
1245,   -862.295
1246,  -1029.161
1247,  -1027.670
1248,  -1034.153
1249,  -1195.372
1250,  -1026.152
1251,  -1185.180
1252,  -1027.600
1253,  -1194.063
1254,  -1028.253
1255,  -1185.570
1256,  -1191.902
1257,  -1193.003
1258,  -1191.638
1259,  -1192.427
1260,     -5.426
1261,     -1.688
1262,     -9.100
1263,     -8.590
1264,     -8.678
1265,     -8.218
1266,     -2.868
1267,      0.000
1268,    -15.070
1269,   -168.411
1270,    -14.580
1271,   -178.384
1272,    -12.041
1273,   -174.976
1274,   -146.930
1275,   -141.682
1276,   -843.289
1277,   -684.870
1278,   -846.175
1279,   -684.860
1280,   -673.239
1281,      0.000
1282,   -675.915
1283,      0.000
1284,   -675.229
1285,      0.000
1286,   -510.854
1287,   -505.287
1288,   -505.875
1289,   -506.364
1290,   -505.020
1291,   -504.412
1292,      0.000
1293,   -334.775
1294,      0.000
1295,   -164.121
1296,   -171.201
1297,     -9.470
1298,   -161.175
1299,      0.000
1300,   -163.663
1301,      0.000
1302,     -5.040
1303,      5.505
1304,      0.000
1305,      5.183
1306,      0.000
1307,      3.336
1308,  -1171.420
1309,  -1006.405
1310,  -1171.263
1311,  -1006.802
1312,   -358.547
1313,   -522.428
1314,   -353.761
1315,   -525.451
1316,   -686.421
1317,   -685.756
1318,   -687.132
1319,   -690.232
1320,   -684.796
1321,   -690.213
1322,   -689.438
1323,   -849.193
1324,   -689.472
1325,   -853.986
1326,   -693.245
1327,   -851.644
1328,   -853.563
1329,   -858.765
1330,  -1024.440
1331,  -1193.085
1332,  -1195.424
1333,  -1194.873
1334,  -1193.093
1335,  -1193.911
1336,  -1192.974
1337,  -1193.091
1338,     -5.420
1339,     -5.507
1340,     -8.416
1341,     -7.003
1342,     -8.040
1343,     -7.302
1344,    -15.059
1345,   -178.931
1346,    -12.845
1347,   -166.930
1348,   -332.684
1349,   -337.789
1350,   -333.654
1351,   -338.864
1352,   -335.097
1353,   -505.150
1354,  -1191.350
1355,  -1017.790
1356,  -1018.190
1357,  -1018.100
1358,  -1016.600
1359,  -1016.630
1360,      0.000
1361,      0.000
1362,      0.000
1363,   -847.319
1364,   -845.929
1365,   -678.316
1366,   -844.961
1367,   -677.205
1368,   -842.579
1369,   -673.547
1370,     -9.527
1371,   -174.616
1372,     -9.700
1373,   -175.013
1374,     -8.828
1375,   -174.110
1376,     -9.590
1377,   -174.637
1378,   -168.903
1379,   -169.020
1380,   -333.662
1381,   -338.820
1382,   -332.428
1383,   -337.274
1384,   -333.489
1385,   -502.892
1386,   -334.416
1387,   -498.754
1388,   -334.410
1389,   -498.674
1390,   -498.066
1391,   -503.099
1392,   -497.054
1393,   -501.726
1394,  -1191.280
1395,  -1186.650
1396,  -1191.680
1397,  -1016.780
1398,      0.000
1399,  -1016.760
1400,  -1192.275
1401,  -1016.860
1402,  -1017.300
1403,  -1017.190
1404,  -1016.850
1405,  -1016.870
1406,  -1016.490
1407,  -1016.570
1408,      0.000
1409,   -846.483
1410,      0.000
1411,   -677.527
1412,   -334.773
1413,   -345.455
1414,   -341.992
1415,   -346.746
1416,   -342.415
1417,   -346.799
1418,      0.000
1419,   -836.049
1420,      0.000
1421,   -830.308
1422,      0.000
1423,   -847.828
1424,   -842.456
1425,   -678.296
1426,   -842.681
1427,   -678.707
1428,   -673.031
1429,      0.000
1430,   -672.666
1431,      0.000
1432,   -673.255
1433,      0.000
1434,  -1184.420
1435,  -1003.082
1436,  -1183.870
1437,  -1013.080
1438,   -340.900
1439,   -511.390
1440,   -341.337
1441,   -511.463
1442,     -2.525
1443,     -2.226
1444,    -11.132
1445,    -11.662
1446,    -21.041
1447,   -174.964
1448,     -9.211
1449,   -169.410
1450,    -10.874
1451,   -175.830
1452,   -183.289
1453,   -162.681
1454,   -186.983
1455,   -186.209
1456,  -1018.740
1457,  -1018.860
1458,  -1018.860
1459,  -1018.690
1460,  -1019.230
1461,  -1019.130
1462,      2.526
1463,   -172.337
1464,   -167.850
1465,   -167.787
1466,   -332.787
1467,   -337.613
1468,   -332.103
1469,   -336.946
1470,   -333.053
1471,   -337.892
1472,   -333.230
1473,   -503.009
1474,   -334.212
1475,   -503.856
1476,   -334.580
1477,   -503.339
1478,   -502.657
1479,   -502.752
1480,   -502.918
1481,   -503.052
1482,  -1190.030
1483,  -1185.180
1484,  -1190.040
1485,  -1184.650
1486,  -1192.660
1487,  -1018.110
1488,  -1192.300
1489,  -1017.670
1490,  -1191.960
1491,  -1022.200
1492,  -1016.490
1493,  -1009.253
1494,  -1016.600
1495,  -1017.340
1496,  -1016.810
1497,  -1012.404
1498,      0.000
1499,   -847.683
1500,      0.000
1501,   -848.151
1502,      0.000
1503,   -676.260
1504,      0.000
1505,   -676.984
1506,   -676.356
1507,      0.000
1508,   -676.041
1509,      0.000
1510,   -516.566
1511,   -510.984
1512,   -515.509
1513,   -510.905
1514,   -512.581
1515,   -343.048
1516,   -510.826
1517,   -341.386
1518,   -341.491
1519,   -345.728
1520,   -341.715
1521,   -346.216
1522,   -340.326
1523,   -344.802
1524,   -172.722
1525,      0.000
1526,   -174.616
1527,      0.000
1528,      0.000
1529,      0.000
1530,      0.000
1531,      0.000
1532,     -6.094
1533,    -11.418
1534,     -5.368
1535,      5.707
1536,      0.000
1537,  -1009.570
1538,      0.000
1539,  -1013.730
1540,      0.000
1541,   -847.470
1542,      0.000
1543,   -847.556
1544,   -841.714
1545,   -676.994
1546,   -843.442
1547,   -678.930
1548,   -842.817
1549,   -678.424
1550,   -671.311
1551,      0.000
1552,   -672.543
1553,      0.000
1554,   -673.169
1555,      0.000
1556,  -1184.210
1557,  -1014.330
1558,  -1182.850
1559,  -1013.490
1560,   -346.231
1561,   -515.959
1562,   -345.887
1563,   -516.432
1564,     -2.611
1565,     -2.970
1566,     -2.495
1567,     -2.415
1568,     -2.553
1569,     -7.424
1570,    -10.454
1571,   -175.858
1572,    -15.606
1573,   -177.054
1574,    -13.262
1575,   -178.992
1576,   -184.324
1577,   -184.577
1578,   -185.824
1579,   -189.493
1580,   -349.262
1581,   -524.424
1582,   -350.324
1583,   -520.298
1584,   -681.831
1585,   -681.552
1586,   -683.009
1587,   -681.945
1588,   -682.709
1589,   -847.456
1590,   -683.405
1591,   -847.878
1592,   -849.508
1593,   -849.756
1594,   -849.445
1595,   -849.701
1596,  -1018.620
1597,  -1018.490
1598,  -1017.530
1599,  -1017.680
1600,  -1018.150
1601,  -1018.050
1602,  -1023.970
1603,  -1189.010
1604,  -1020.010
1605,  -1189.880
1606,  -1184.770
1607,  -1189.380
1608,  -1184.450
1609,  -1189.730
1610,     -2.512
1611,      3.159
1612,     -1.520
1613,     -0.784
1614,      2.644
1615,   -167.163
1616,      2.940
1617,   -171.160
1618,   -172.506
1619,   -167.802
1620,   -166.741
1621,   -167.010
1622,   -340.323
1623,   -337.619
1624,   -333.254
1625,   -338.305
1626,   -333.224
1627,   -338.076
1628,   -341.303
1629,   -506.379
1630,   -333.715
1631,   -504.152
1632,   -339.778
1633,   -509.303
1634,   -509.839
1635,   -510.197
1636,   -498.557
1637,   -503.593
1638,  -1189.900
1639,  -1185.810
1640,  -1190.270
1641,  -1185.150
1642,  -1190.890
1643,  -1185.690
1644,  -1190.690
1645,  -1016.340
1646,  -1191.565
1647,  -1016.230
1648,  -1192.340
1649,  -1017.660
1650,  -1017.210
1651,  -1017.500
1652,  -1017.490
1653,  -1017.490
1654,  -1005.816
1655,  -1005.689
1656,      0.000
1657,   -847.919
1658,      0.000
1659,   -848.733
1660,      0.000
1661,   -847.387
1662,      0.000
1663,   -676.308
1664,   -851.928
1665,   -676.808
1666,   -679.811
1667,      0.000
1668,   -674.643
1669,      0.000
1670,   -515.903
1671,   -510.632
1672,   -515.840
1673,   -510.335
1674,   -511.093
1675,   -341.354
1676,   -511.383
1677,   -341.437
1678,   -345.622
1679,   -345.189
1680,   -341.925
1681,   -346.221
1682,   -341.225
1683,   -346.004
1684,   -174.092
1685,      0.000
1686,   -175.252
1687,      0.000
1688,      0.000
1689,      0.000
1690,      0.000
1691,      0.000
1692,     -5.170
1693,     -9.830
1694,     -5.691
1695,    -11.670
1696,      0.000
1697,  -1008.550
1698,      0.000
1699,  -1009.820
1700,      0.000
1701,  -1014.350
1702,      0.000
1703,   -849.081
1704,      0.000
1705,   -847.321
1706,   -842.427
1707,   -678.238
1708,   -842.719
1709,   -673.378
1710,   -842.428
1711,   -678.407
1712,   -673.427
1713,      0.000
1714,   -672.241
1715,      0.000
1716,   -673.353
1717,      0.000
1718,  -1184.540
1719,   -998.779
1720,  -1184.780
1721,  -1014.730
1722,   -346.142
1723,   -516.038
1724,   -341.621
1725,   -511.568
1726,   -341.337
1727,   -511.599
1728,     -2.276
1729,     -2.033
1730,     -3.365
1731,     -2.951
1732,     -3.433
1733,     -3.302
1734,    -10.359
1735,   -175.674
1736,    -11.516
1737,   -177.337
1738,    -13.996
1739,   -179.133
1740,   -186.622
1741,   -186.229
1742,   -185.924
1743,   -188.120
1744,   -187.445
1745,   -187.547
1746,   -350.469
1747,   -525.581
1748,   -349.654
1749,   -519.800
1750,   -687.036
1751,   -681.518
1752,   -681.902
1753,   -681.337
1754,   -683.033
1755,   -847.422
1756,   -847.384
1757,      0.000
1758,   -849.768
1759,   -850.628
1760,   -848.629
1761,   -848.308
1762,  -1018.870
1763,  -1018.370
1764,  -1018.590
1765,  -1018.530
1766,  -1017.730
1767,  -1017.500
1768,  -1019.300
1769,  -1189.290
1770,  -1019.180
1771,  -1189.370
1772,  -1182.900
1773,  -1187.670
1774,  -1183.430
1775,  -1188.400
1776,     -1.373
1777,      4.285
1778,     -1.008
1779,     -0.326
1780,      4.008
1781,   -165.541
1782,      4.293
1783,   -165.112
1784,   -171.328
1785,   -166.922
1786,   -172.143
1787,   -167.247
1788,   -177.440
1789,   -177.255
1790,   -333.093
1791,   -337.935
1792,   -332.623
1793,   -337.685
1794,   -332.589
1795,   -337.675
1796,   -333.465
1797,   -498.041
1798,   -332.791
1799,   -508.954
1800,   -334.427
1801,   -504.192
1802,   -503.209
1803,   -503.258
1804,   -511.985
1805,   -512.791
1806,   -504.550
1807,   -503.819
1808,  -1172.910
1809,  -1178.920
1810,  -1191.010
1811,  -1185.480
1812,  -1190.790
1813,  -1185.940
1814,  -1191.837
1815,  -1017.980
1816,  -1193.590
1817,  -1018.770
1818,  -1192.070
1819,  -1017.170
1820,  -1017.660
1821,  -1017.790
1822,  -1017.930
1823,  -1018.120
1824,  -1017.580
1825,  -1017.670
1826,      0.000
1827,   -845.163
1828,      0.000
1829,   -847.617
1830,      0.000
1831,   -848.412
1832,      0.000
1833,   -677.013
1834,   -852.232
1835,   -676.690
1836,   -677.436
1837,      0.000
1838,   -675.455
1839,      0.000
1840,   -514.992
1841,   -509.852
1842,   -516.106
1843,   -510.729
1844,   -515.383
1845,   -510.494
1846,   -511.904
1847,   -342.576
1848,   -512.876
1849,   -343.272
1850,   -342.509
1851,   -346.802
1852,   -340.944
1853,   -345.264
1854,   -341.974
1855,   -347.107
1856,   -176.211
1857,      0.000
1858,   -174.655
1859,      0.000
1860,   -172.577
1861,      0.000
1862,      0.000
1863,      0.000
1864,     -5.936
1865,    -11.222
1866,     -7.102
1867,    -12.374
1868,      0.000
1869,  -1009.180
1870,      0.000
1871,  -1009.800
1872,      0.000
1873,  -1010.640
1874,      0.000
1875,   -847.510
1876,      0.000
1877,   -848.555
1878,   -842.593
1879,   -678.414
1880,   -846.690
1881,   -679.011
1882,   -842.386
1883,   -678.258
1884,   -843.878
1885,   -656.661
1886,   -673.413
1887,      0.000
1888,   -673.048
1889,      0.000
1890,   -671.960
1891,      0.000
1892,   -672.978
1893,      0.000
1894,  -1184.850
1895,  -1015.260
1896,  -1185.380
1897,  -1015.230
1898,   -342.531
1899,   -512.897
1900,   -342.164
1901,   -512.331
1902,   -342.379
1903,   -512.204
1904,     -3.163
1905,     -2.816
1906,     -3.950
1907,     -3.431
1908,     -3.497
1909,     -3.068
1910,    -10.501
1911,   -175.638
1912,    -12.093
1913,   -182.593
1914,    -15.478
1915,   -181.165
1916,   -187.351
1917,   -187.650
1918,   -186.670
1919,   -187.035
1920,   -186.312
1921,   -186.836
1922,   -349.667
1923,   -524.482
1924,   -350.743
1925,   -520.569
1926,   -688.807
1927,   -682.947
1928,   -686.892
1929,   -681.084
1930,   -688.319
1931,   -682.620
1932,   -682.092
1933,   -846.071
1934,   -681.664
1935,   -846.438
1936,   -849.574
1937,   -849.712
1938,   -849.314
1939,   -849.305
1940,  -1018.010
1941,  -1018.000
1942,  -1018.470
1943,  -1018.210
1944,  -1018.500
1945,  -1018.760
1946,  -1024.880
1947,  -1190.440
1948,  -1020.480
1949,  -1190.350
1950,  -1182.250
1951,  -1187.800
1952,  -1183.420
1953,  -1188.200
1954,      0.000
1955,  -1188.400
1956,     -0.995
1957,      4.035
1958,     -0.814
1959,      0.192
1960,      3.374
1961,   -166.179
1962,      3.800
1963,   -165.037
1964,   -172.074
1965,   -166.880
1966,   -167.453
1967,   -167.390
1968,   -172.621
1969,   -167.461
1970,   -341.570
1971,   -346.075
1972,   -333.244
1973,   -349.067
1974,   -331.674
1975,   -346.359
1976,   -343.056
1977,   -502.581
1978,   -334.065
1979,   -503.310
1980,   -337.670
1981,   -507.629
1982,   -332.527
1983,   -512.238
1984,   -507.730
1985,   -504.045
1986,   -508.350
1987,   -512.669
1988,   -498.306
1989,   -502.952
1990,  -1190.780
1991,  -1185.870
1992,  -1191.250
1993,  -1186.370
1994,  -1190.900
1995,  -1181.322
1996,  -1192.220
1997,  -1017.430
1998,  -1193.670
1999,  -1018.570
2000,  -1192.540
2001,  -1017.460
2002,  -1017.590
2003,  -1013.368
2004,  -1016.490
2005,  -1016.600
2006,  -1017.240
2007,  -1017.290
2008,  -1017.200
2009,  -1017.340
2010,      0.000
2011,   -847.191
2012,      0.000
2013,   -847.250
2014,      0.000
2015,   -847.542
2016,   -847.027
2017,   -676.312
2018,   -851.813
2019,   -676.016
2020,   -675.260
2021,      0.000
2022,   -677.544
2023,      0.000
2024,   -515.121
2025,   -510.776
2026,      0.000
2027,   -511.124
2028,      0.000
2029,   -511.204
2030,   -511.452
2031,   -341.952
2032,   -511.814
2033,   -342.394
2034,   -341.994
2035,   -346.663
2036,   -342.740
2037,   -347.030
2038,   -343.120
2039,   -347.450
2040,   -174.423
2041,      0.000
2042,      0.000
2043,      0.000
2044,   -171.565
2045,      0.000
2046,   -171.482
2047,      0.000
2048,     -4.351
2049,     -9.474
2050,     -7.959
2051,    -11.841
2052,     -6.644
2053,    -12.471
2054,      0.000
2055,  -1009.140
2056,      0.000
2057,  -1011.180
2058,      0.000
2059,  -1009.980
2060,      0.000
2061,   -848.683
2062,      0.000
2063,   -848.500
2064,   -846.847
2065,   -679.499
2066,   -842.984
2067,   -678.971
2068,   -843.502
2069,   -674.241
2070,   -667.808
2071,      0.000
2072,   -673.634
2073,      0.000
2074,   -672.320
2075,      0.000
2076,   -672.981
2077,      0.000
2078,  -1166.233
2079,   -995.643
2080,  -1186.030
2081,  -1015.970
2082,  -1186.690
2083,  -1016.540
2084,  -1171.750
2085,      0.000
2086,   -347.136
2087,   -517.325
2088,   -347.739
2089,   -517.891
2090,   -344.076
2091,   -513.948
2092,     -3.992
2093,     -6.546
2094,     -4.023
2095,     -3.885
2096,     -3.682
2097,     -3.517
2098,     -4.973
2099,     -3.993
2100,    -15.346
2101,   -181.322
2102,    -11.372
2103,   -181.432
2104,   -186.475
2105,   -186.968
2106,   -187.797
2107,   -188.055
2108,   -186.740
2109,   -186.743
2110,   -351.059
2111,   -521.540
2112,   -350.565
2113,   -525.284
2114,   -350.009
2115,   -524.744
2116,   -683.308
2117,   -682.399
2118,   -682.413
2119,   -681.657
2120,   -687.389
2121,   -681.862
2122,   -682.469
2123,   -846.534
2124,   -682.589
2125,   -847.201
2126,   -849.086
2127,   -849.350
2128,   -848.546
2129,   -849.142
2130,  -1019.780
2131,  -1019.220
2132,  -1019.020
2133,  -1018.010
2134,  -1019.030
2135,  -1018.620
2136,  -1019.730
2137,  -1189.750
2138,  -1018.310
2139,  -1188.170
2140,  -1183.270
2141,  -1188.650
2142,  -1183.360
2143,  -1188.670
2144,  -1183.770
2145,  -1188.110
2146,     -0.306
2147,      4.766
2148,     -1.537
2149,      4.321
2150,      3.597
2151,   -165.733
2152,      4.201
2153,   -164.985
2154,   -166.401
2155,   -166.601
2156,   -168.542
2157,   -168.499
2158,   -168.409
2159,   -168.317
2160,   -341.276
2161,   -349.327
2162,   -332.052
2163,   -337.018
2164,   -333.000
2165,   -498.259
2166,   -333.233
2167,   -498.375
2168,   -332.649
2169,   -502.510
2170,   -502.275
2171,   -502.422
2172,   -512.206
2173,   -511.242
2174,   -502.638
2175,   -502.548
2176,   -497.929
2177,   -502.420
2178,  -1190.270
2179,  -1180.953
2180,  -1190.280
2181,  -1185.080
2182,  -1191.880
2183,  -1187.050
2184,  -1191.110
2185,  -1185.360
2186,  -1191.500
2187,  -1021.330
2188,  -1192.580
2189,  -1017.220
2190,  -1190.930
2191,  -1015.690
2192,  -1017.620
2193,  -1017.900
2194,  -1016.150
2195,  -1016.070
2196,      0.000
2197,   -847.801
2198,      0.000
2199,   -848.083
2200,      0.000
2201,   -847.416
2202,   -847.776
2203,   -677.035
2204,   -848.050
2205,   -677.766
2206,   -675.550
2207,      0.000
2208,   -676.417
2209,      0.000
2210,   -677.107
2211,      0.000
2212,   -514.922
2213,   -510.001
2214,   -514.480
2215,   -510.487
2216,   -518.026
2217,   -511.306
2218,   -512.659
2219,   -344.040
2220,   -512.280
2221,   -342.814
2222,   -511.964
2223,   -342.594
2224,   -342.815
2225,   -346.742
2226,   -343.372
2227,   -347.578
2228,      0.000
2229,      0.000
2230,   -175.190
2231,      0.000
2232,   -175.518
2233,      0.000
2234,   -172.800
2235,      0.000
2236,   -172.775
2237,      0.000
2238,     -6.391
2239,    -11.232
2240,     -6.488
2241,    -11.924
2242,     -6.782
2243,    -11.118
2244,      0.000
2245,  -1009.990
2246,      0.000
2247,  -1015.500
2248,      0.000
2249,   -848.207
2250,      0.000
2251,   -848.691
2252,      0.000
2253,   -834.371
2254,   -843.388
2255,      0.000
2256,   -842.691
2257,   -678.342
2258,   -655.568
2259,      0.000
2260,   -673.125
2261,      0.000
2262,   -673.424
2263,      0.000
2264,  -1184.200
2265,  -1014.820
2266,  -1183.620
2267,  -1014.410
2268,  -1185.430
2269,  -1015.170
2270,  -1185.730
2271,  -1016.150
2272,   -342.291
2273,   -512.686
2274,   -343.080
2275,   -513.176
2276,   -347.540
2277,   -513.072
2278,     -3.224
2279,     -3.161
2280,     -3.775
2281,     -3.907
2282,     -3.065
2283,     -2.778
2284,     -4.847
2285,     -4.763
2286,    -14.292
2287,   -179.253
2288,    -16.290
2289,   -181.836
2290,   -184.015
2291,   -182.822
2292,   -188.519
2293,   -189.185
2294,   -187.777
2295,   -187.844
2296,   -350.660
2297,   -526.040
2298,   -351.052
2299,   -526.146
2300,   -689.135
2301,   -683.610
2302,   -684.407
2303,   -684.004
2304,   -688.759
2305,   -683.417
2306,   -683.103
2307,   -847.559
2308,   -683.103
2309,   -846.804
2310,   -849.198
2311,   -849.383
2312,   -850.177
2313,   -850.084
2314,   -849.782
2315,   -849.936
2316,  -1018.560
2317,  -1018.560
2318,  -1019.590
2319,  -1019.210
2320,  -1021.180
2321,  -1190.730
2322,  -1024.520
2323,  -1189.720
2324,  -1019.120
2325,  -1184.380
2326,  -1183.470
2327,  -1188.400
2328,  -1184.320
2329,  -1188.960
2330,  -1184.700
2331,  -1189.590
2332,      0.000
2333,     -1.763
2334,     -1.506
2335,     -0.150
2336,     -0.756
2337,      5.436
2338,      2.649
2339,   -167.076
2340,      3.066
2341,   -171.311
2342,   -166.098
2343,   -166.212
2344,   -172.913
2345,   -167.813
2346,   -171.853
2347,   -166.713
2348,   -347.603
2349,   -338.280
2350,   -332.529
2351,   -337.441
2352,   -508.443
2353,   -503.284
2354,   -502.377
2355,   -502.629
2356,   -502.772
2357,   -502.326
2358,   -497.803
2359,   -503.573
2360,  -1185.398
2361,  -1177.280
2362,  -1191.590
2363,  -1186.060
2364,  -1189.920
2365,  -1184.580
2366,  -1190.770
2367,  -1185.200
2368,  -1191.880
2369,  -1012.322
2370,      0.000
2371,   -846.884
2372,      0.000
2373,   -848.273
2374,      0.000
2375,   -847.802
2376,   -851.800
2377,   -676.466
2378,   -851.656
2379,   -675.988
2380,   -852.211
2381,   -676.582
2382,   -676.167
2383,      0.000
2384,   -680.575
2385,      0.000
2386,   -675.676
2387,      0.000
2388,   -517.037
2389,   -510.154
2390,   -517.506
2391,   -510.639
2392,   -511.992
2393,   -342.427
2394,   -511.406
2395,   -342.134
2396,   -510.635
2397,   -341.418
2398,   -512.361
2399,   -343.038
2400,   -343.407
2401,   -348.003
2402,   -347.265
2403,   -347.097
2404,   -175.273
2405,      0.000
2406,   -175.559
2407,      0.000
2408,   -175.463
2409,      0.000
2410,   -173.432
2411,      0.000
2412,   -172.589
2413,      0.000
2414,   -173.212
2415,      0.000
2416,     -5.751
2417,    -10.891
2418,     -4.953
2419,    -11.699
2420,      0.000
2421,  -1009.740
2422,      0.000
2423,  -1010.850
2424,      0.000
2425,  -1014.560
2426,      0.000
2427,   -848.413
2428,      0.000
2429,   -848.026
2430,      0.000
2431,   -831.525
2432,  -1185.350
2433,  -1014.950
2434,  -1183.990
2435,  -1013.460
2436,  -1185.120
2437,  -1014.560
2438,  -1185.410
2439,  -1015.080
2440,   -342.628
2441,   -512.708
2442,   -342.084
2443,   -509.939
2444,   -345.995
2445,   -512.809
2446,   -346.292
2447,   -516.545
2448,     -3.275
2449,     -3.261
2450,   -188.458
2451,   -189.128
2452,   -182.582
2453,   -183.082
2454,   -188.756
2455,   -189.094
2456,   -351.507
2457,   -526.322
2458,      0.000
2459,   -526.431
2460,   -351.930
2461,   -526.354
2462,   -686.948
2463,   -681.682
2464,   -687.812
2465,   -682.080
2466,   -683.007
2467,   -847.197
2468,   -683.302
2469,   -847.969
2470,   -683.536
2471,   -847.728
2472,   -850.367
2473,   -850.394
2474,   -850.324
2475,   -850.697
2476,   -849.802
2477,   -849.940
2478,  -1019.300
2479,  -1019.290
2480,  -1019.340
2481,  -1019.490
2482,  -1019.840
2483,  -1190.610
2484,  -1020.330
2485,  -1190.360
2486,  -1020.020
2487,  -1190.090
2488,  -1020.650
2489,  -1190.630
2490,  -1184.470
2491,  -1189.150
2492,  -1183.550
2493,  -1188.210
2494,     -2.326
2495,      3.629
2496,     -1.767
2497,     -1.394
2498,     -1.975
2499,      4.246
2500,      3.368
2501,   -166.107
2502,      0.398
2503,   -169.000
2504,      3.929
2505,   -165.473
2506,   -182.906
2507,   -177.985
2508,   -167.319
2509,   -166.972
2510,   -167.897
2511,   -167.589
2512,      0.000
2513,   -847.678
2514,   -847.468
2515,   -677.355
2516,   -851.861
2517,   -676.062
2518,   -852.679
2519,   -677.025
2520,   -851.888
2521,   -676.157
2522,   -675.262
2523,      0.000
2524,   -675.688
2525,      0.000
2526,   -676.170
2527,      0.000
2528,   -517.023
2529,   -510.016
2530,   -515.163
2531,   -510.559
2532,   -512.745
2533,   -343.411
2534,   -512.558
2535,   -343.286
2536,   -511.923
2537,   -342.521
2538,   -511.516
2539,   -343.428
2540,   -342.848
2541,   -347.019
2542,   -175.364
2543,      0.000
2544,      0.000
2545,      0.000
2546,   -175.666
2547,      0.000
2548,      0.000
2549,      0.000
2550,   -173.532
2551,      0.000
2552,   -171.327
2553,      0.000
2554,     -5.264
2555,    -11.010
2556,     -6.023
2557,    -11.970
2558,     -6.214
2559,    -11.694
2560,      0.000
2561,  -1010.010
2562,      0.000
2563,  -1011.450
2564,      0.000
2565,      0.000
2566,      0.000
2567,   -847.864
2568,   -188.729
2569,   -188.754
2570,   -351.756
2571,   -526.966
2572,   -351.458
2573,   -526.955
2574,   -352.519
2575,   -527.426
2576,   -351.955
2577,   -521.966
2578,   -682.797
2579,   -681.954
2580,   -683.985
2581,   -683.609
2582,   -683.488
2583,   -847.347
2584,   -684.131
2585,   -848.542
2586,   -684.050
2587,   -848.293
2588,   -850.601
2589,   -851.242
2590,   -849.736
2591,   -849.909
2592,   -850.686
2593,   -850.984
2594,  -1019.850
2595,  -1019.470
2596,  -1020.040
2597,  -1190.130
2598,  -1023.433
2599,  -1184.310
2600,  -1019.620
2601,  -1189.890
2602,  -1020.250
2603,  -1189.620
2604,  -1182.520
2605,  -1188.080
2606,  -1183.490
2607,  -1188.860
2608,     -1.293
2609,      5.645
2610,     -2.881
2611,      3.189
2612,    -13.765
2613,     -9.003
2614,      3.097
2615,   -166.228
2616,      1.866
2617,   -167.539
2618,      2.657
2619,   -166.380
2620,      2.357
2621,   -166.902
2622,   -167.455
2623,   -166.768
2624,   -847.194
2625,   -676.707
2626,      0.000
2627,   -676.703
2628,   -675.749
2629,      0.000
2630,   -677.352
2631,      0.000
2632,   -677.491
2633,      0.000
2634,      0.000
2635,   -510.866
2636,      0.000
2637,   -510.929
2638,      0.000
2639,   -511.262
2640,   -511.922
2641,   -342.360
2642,      0.000
2643,      0.000
2644,      0.000
2645,      0.000
2646,      0.000
2647,      0.000
2648,   -173.005
2649,      0.000
2650,     -5.649
2651,    -11.646
2652,     -6.196
2653,    -11.355
2654,     -5.297
2655,    -11.092
2656,      0.000
2657,  -1010.320
2658,      0.000
2659,  -1010.740
2660,   -350.765
2661,   -525.538
2662,   -352.600
2663,   -527.411
2664,   -688.739
2665,   -683.259
2666,   -687.656
2667,   -682.090
2668,   -684.319
2669,   -683.449
2670,   -683.108
2671,   -847.418
2672,   -683.846
2673,   -848.548
2674,   -683.945
2675,   -848.577
2676,   -850.219
2677,   -850.930
2678,  -1024.430
2679,  -1189.910
2680,  -1183.980
2681,  -1189.410
2682,  -1181.910
2683,  -1187.310
2684,  -1182.430
2685,  -1188.890
2686,     -1.953
2687,      3.480
2688,     -1.709
2689,      4.390
2690,    -14.220
2691,     -7.946
2692,      2.918
2693,   -171.669
2694,     -1.949
2695,   -165.585
2696,      0.000
2697,      0.000
2698,      0.000
2699,      0.000
2700,      0.000
2701,      0.000
2702,      0.000
2703,      0.000
2704,      0.000
2705,      0.000
2706,      0.000
2707,      0.000
2708,      0.000
2709,      0.000
2710,      0.000
2711,      0.000
2712,      0.000
2713,      0.000
2714,      0.000
2715,      0.000
2716,      0.000
2717,      0.000
2718,      0.000
2719,      0.000
