TABLE CalTimeCalib 123680
0,0
1,-337.863
2,0
3,-340.303
4,-335.057
5,-500.787
6,-1186.84
7,-1016.51
8,-1016.54
9,-1016.49
10,-1016.54
11,-1017.32
12,-851.083
13,-855.87
14,0
15,-849.361
16,-844.612
17,-679.894
18,-843.445
19,-678.332
20,-844.571
21,-679.878
22,6.05
23,-172.215
24,-1.19811
25,-171.918
26,-1.9369
27,-172.969
28,-9.23355
29,-179.794
30,-167.86
31,-168.398
32,0
33,-339.356
34,0
35,-338.48
36,-334.774
37,-505.22
38,-335.838
39,-501.412
40,-334.665
41,-499.899
42,-499.44
43,-499.182
44,-499.378
45,-499.707
46,-1185.01
47,-1184.96
48,-1187.65
49,-1017.6
50,-1187.37
51,-1017.05
52,-1186.1
53,-1015.63
54,-1017.17
55,-1016.98
56,-1018.14
57,-1017.25
58,-1015.61
59,-1015.53
60,-849.816
61,-854.3
62,-850.265
63,-684.947
64,-345.365
65,-345.901
66,-341.327
67,-346.401
68,-346.588
69,-346.504
70,0
71,-850.111
72,0
73,-845.005
74,0
75,-848.561
76,-844.969
77,-680.112
78,-845.047
79,-680.227
80,-674.102
81,-674.892
82,-672.673
83,0
84,0
85,-674.12
86,0
87,-1015.98
88,0
89,-1015.27
90,-342.093
91,-512.941
92,-341.365
93,-512.478
94,-0.402062
95,-0.485921
96,-1.13369
97,-1.33167
98,-2.32596
99,-172.382
100,-4.69993
101,-174.752
102,-8.81581
103,-179.161
104,-177.712
105,-178.177
106,-181.202
107,-181.445
108,-1018.02
109,-1023.65
110,-1018.29
111,-1017.9
112,-1018.31
113,-1018.71
114,-3.32333
115,-167.303
116,-168.755
117,-168.564
118,0
119,-338.253
120,0
121,-339.471
122,0
123,-337.918
124,-334.79
125,-504.788
126,-334.966
127,-505.039
128,-334.345
129,0
130,-498.169
131,0
132,-498.145
133,-498.185
134,-1184.14
135,-1183.81
136,-1184.4
137,-1184.03
138,-1186.47
139,-1016.91
140,-1186.57
141,-1016.05
142,-1185.7
143,-1016.15
144,-1015.41
145,-1020.4
146,-1015.26
147,-1016.74
148,-1016.65
149,-1015.99
150,-850.093
151,-854.497
152,-850.129
153,-854.534
154,-849.798
155,-683.714
156,-850.802
157,-684.943
158,-679.517
159,0
160,-679.876
161,0
162,-510.74
163,0
164,-510.451
165,0
166,0
167,-341.409
168,0
169,-340.496
170,-345.605
171,-345.572
172,-341.129
173,-345.495
174,-345.07
175,-345.123
176,0
177,-172.742
178,0
179,-173.28
180,-172.767
181,-10.573
182,-172.064
183,-10.0124
184,-4.00483
185,-5.33377
186,-4.50295
187,-4.72012
188,-1181.26
189,-1016.33
190,-1181.28
191,-1016.11
192,0
193,-848.626
194,0
195,-849.354
196,-843.984
197,-679.36
198,0
199,-679.084
200,-845.699
201,-681.111
202,-673.057
203,-672.456
204,-679.24
205,-674.348
206,-673.505
207,-674.082
208,0
209,-1014.48
210,0
211,-1014.24
212,-340.724
213,-511.82
214,-339.962
215,-511.081
216,6.83261
217,-0.703607
218,-0.875247
219,-0.595626
220,-0.42075
221,-0.85752
222,-3.69942
223,-174.17
224,-8.22056
225,-178.601
226,-9.02193
227,-179.689
228,-176.749
229,-154.661
230,-180.302
231,-180.318
232,-349.858
233,-520.352
234,0
235,-522.445
236,-681.405
237,-685.678
238,-681.172
239,-680.46
240,-686.418
241,-846.032
242,-686.72
243,-845.892
244,-848.702
245,-853.099
246,-847.913
247,-852.789
248,-1018.47
249,-1023.63
250,-1018.17
251,-1018.22
252,-1017.82
253,-1022.8
254,-1023.73
255,-1183.87
256,-1020.47
257,-1186.08
258,-1184.17
259,-1184.9
260,-1184.12
261,-1184.21
262,2.19095
263,2.22527
264,-2.73732
265,2.85873
266,-3.53192
267,-167.873
268,0
269,-166.867
270,-167.482
271,-167.825
272,-166.741
273,-167.983
274,0
275,-340.056
276,0
277,-339.389
278,0
279,-340.648
280,-335.224
281,-500.127
282,-335.29
283,-505.17
284,-335.454
285,-505.443
286,-498.934
287,-498.451
288,-499.136
289,-499.103
290,-1183.95
291,-1183.61
292,-1183.97
293,-1184.46
294,-1184.18
295,-1184.18
296,-1185.88
297,-1015.86
298,-1016.66
299,-1186.01
300,-1186.68
301,-1016.75
302,-1016.72
303,-1016.65
304,-1017.54
305,-1017.5
306,-1016.7
307,-1016.03
308,-852.344
309,-856.711
310,-852.344
311,-856.845
312,-854.767
313,-853.865
314,-850.01
315,-684.1
316,-849.866
317,-684.19
318,-683.582
319,0
320,-678.138
321,0
322,-510.433
323,0
324,-508.709
325,-508.923
326,0
327,-341.369
328,0
329,-341.172
330,-344.701
331,-344.777
332,-341.05
333,-345.843
334,-341.311
335,-346.167
336,0
337,-172.598
338,-182.141
339,-173.907
340,-170.726
341,-9.47071
342,-172.192
343,-10.3267
344,-2.1898
345,-3.76593
346,0
347,-5.33276
348,-1179.02
349,-1014.69
350,-1180.5
351,-1016.09
352,-1179.15
353,-1014.95
354,0
355,-849.957
356,0
357,-849.48
358,-843.554
359,-678.766
360,-844.567
361,-680.15
362,-844.834
363,-680.257
364,-678.735
365,-673.454
366,-673.517
367,-673.073
368,-673.692
369,-673.96
370,0
371,-1014.94
372,0
373,-1016.05
374,-340.493
375,-511.783
376,-340.709
377,-512.217
378,-341.157
379,-511.861
380,-0.38722
381,-0.481852
382,-1.0105
383,-0.858024
384,-1.31246
385,-1.49645
386,-4.52433
387,-174.418
388,-7.74013
389,-178.19
390,-9.12585
391,-179.275
392,-180.703
393,-180.716
394,-181.013
395,-180.418
396,-181.528
397,-180.777
398,-350.128
399,-520.852
400,-350.533
401,-521.308
402,-680.931
403,-684.484
404,-680.819
405,-680.035
406,-686.673
407,-849.801
408,-685.651
409,-844.545
410,-848.048
411,-852.473
412,-847.546
413,-852.276
414,-1019.52
415,-1019.72
416,-1018.2
417,-1018.73
418,-1016.95
419,-1022.93
420,-1024.11
421,-1184.83
422,-1019.35
423,-1184.86
424,-1183.5
425,-1183.09
426,-1184.02
427,-1184.28
428,3.19391
429,3.87187
430,-1.37426
431,4.12785
432,-2.97584
433,-167.53
434,-1.64587
435,-166.134
436,-167.707
437,-167.36
438,-167.412
439,-166.961
440,-166.819
441,-166.8
442,0
443,-339.272
444,0
445,-339.027
446,0
447,-339.151
448,-333.366
449,0
450,-334.053
451,-498.741
452,-335.17
453,-500.38
454,0
455,-499.56
456,-493.77
457,-504.094
458,-498.842
459,-499.105
460,-1184.55
461,-1184.25
462,-1184.12
463,-1184.19
464,-1183.88
465,-1183.73
466,-1187.5
467,-1017.31
468,-1187
469,-1017.44
470,-1187.82
471,-1017.45
472,-1016.74
473,-1016.17
474,-1017.25
475,-1017.07
476,-1017.1
477,-1017.12
478,-850.375
479,-855.246
480,-852.59
481,-857.108
482,-851.492
483,-855.98
484,-850.432
485,-684.645
486,-851.435
487,-685.19
488,-678.178
489,0
490,-679.327
491,0
492,-509.679
493,-509.403
494,-510.492
495,-509.833
496,-510.46
497,-509.508
498,0
499,-341.803
500,0
501,-341.816
502,-345.361
503,-345.16
504,-345.276
505,-345.409
506,-341.676
507,-346.652
508,0
509,-174.256
510,0
511,-173.267
512,-171.191
513,-9.59383
514,-171.683
515,-10.6648
516,-5.17945
517,-4.35697
518,0
519,-5.43564
520,-1181.09
521,-1016.27
522,-1180.47
523,-1011.99
524,-1181.3
525,-1015.77
526,0
527,-850.003
528,0
529,-850.233
530,-843.768
531,-679.275
532,-845.186
533,-680.62
534,-844.735
535,-680.202
536,-844.013
537,-679.626
538,-674.213
539,-674.449
540,-673.923
541,-675.009
542,-673.91
543,-674.498
544,-674.73
545,-674.376
546,-1015.46
547,0
548,0
549,-1014.96
550,-342.462
551,-513.38
552,-340.528
553,-511.999
554,-339.893
555,-511.744
556,-1.53971
557,-1.85748
558,-2.11346
559,-1.75846
560,-0.18014
561,-0.25881
562,-4.03048
563,-161.339
564,-9.04042
565,-178.608
566,-10.5502
567,-181.423
568,-182.077
569,-182.439
570,-182.529
571,-182.722
572,-180.942
573,-181.187
574,-349.644
575,-521.102
576,-351.681
577,-522.109
578,-682.561
579,-682.124
580,-680.739
581,-684.849
582,-680.492
583,-684.956
584,-686.554
585,-849.739
586,-686.378
587,-849.789
588,-847.64
589,-852.647
590,-847.735
591,-852.552
592,-1019.01
593,-1023.92
594,-1019.25
595,-1019.61
596,-1019
597,-1018.99
598,-1023.53
599,-1184.73
600,-1024.64
601,-1185.4
602,-1183.36
603,-1183.32
604,-1184.11
605,-1184.44
606,-1183.57
607,-1184.04
608,2.5258
609,3.37305
610,-2.10922
611,3.27374
612,-2.09387
613,-166.744
614,-2.99932
615,-168.004
616,-167.505
617,-167.44
618,-167.392
619,-168.138
620,-166.851
621,-166.361
622,0
623,-338.332
624,0
625,-339.731
626,0
627,-339.122
628,-334.207
629,-504.159
630,-334.982
631,-500.438
632,-336.4
633,-506.625
634,-335.218
635,-505.407
636,-497.478
637,-497.638
638,-498.066
639,-497.708
640,-499.86
641,-499.884
642,-1186.62
643,-1186.42
644,-1185.53
645,-1185.6
646,-1185.67
647,-1185.25
648,-1186.88
649,-1016.53
650,-1187.63
651,-1017.71
652,-1187.47
653,-1017.63
654,-1016.47
655,-1017.31
656,-1015.32
657,-1016.21
658,-1012.85
659,-1017.47
660,-1016.49
661,-1016.39
662,-855.154
663,-855.386
664,-852.3
665,-856.579
666,-850.729
667,-855.145
668,-850.849
669,-684.767
670,-850.567
671,-684.286
672,-677.975
673,0
674,-679.603
675,0
676,-509.617
677,-509.391
678,-510.618
679,-509.999
680,-511.657
681,-510.54
682,0
683,-342.422
684,0
685,-341.327
686,-346.435
687,-346.526
688,-347.146
689,-347.394
690,-342.243
691,-347.124
692,0
693,-173.538
694,-174.738
695,-174.548
696,-170.513
697,-8.19215
698,-170.625
699,-10.0697
700,0
701,-4.92434
702,0
703,-4.51571
704,0
705,-6.4821
706,-1179.8
707,-1015.98
708,-1181.24
709,-1016.59
710,-1174.2
711,-1016.24
712,0
713,-850.598
714,0
715,-850.118
716,-845.221
717,-680.413
718,-844.295
719,-680.132
720,-844.714
721,-680.629
722,-674.394
723,-674.128
724,-679.15
725,-674.385
726,-673.335
727,-673.632
728,-678.896
729,-673.979
730,0
731,-1016.72
732,0
733,-1017.52
734,0
735,-1016.64
736,0
737,-1016.26
738,-341.254
739,-512.499
740,-342.329
741,-513.298
742,-342.83
743,-513.13
744,-1.3614
745,-1.97312
746,-2.58778
747,-2.36106
748,-2.06129
749,-1.19784
750,-8.18179
751,-8.28885
752,-20.023
753,-183.182
754,-11.1749
755,-181.784
756,-181.785
757,-181.692
758,-182.085
759,-181.938
760,-181.124
761,-181.112
762,-351.644
763,-522.65
764,-350.914
765,-521.664
766,-351.214
767,-522.266
768,-682.829
769,-682.204
770,-681.551
771,-680.969
772,-680.894
773,-685.929
774,-685.909
775,-845.414
776,-686.586
777,-850.451
778,-848.383
779,-852.765
780,-847.921
781,-852.758
782,-1020.41
783,-1020.56
784,-1019.62
785,-1024.48
786,-1019.45
787,-1024.82
788,-1019.03
789,-1185.48
790,-1019.84
791,-1184.93
792,-1184.07
793,-1184.09
794,-1183.23
795,-1183.43
796,-1183.52
797,-1184.09
798,2.42644
799,2.90012
800,2.76683
801,3.43414
802,-2.57155
803,-167.337
804,-2.40568
805,-167.27
806,-167.962
807,-167.726
808,0
809,-167.145
810,-167.093
811,-167.272
812,0
813,-338.345
814,0
815,-339.375
816,-335.53
817,-500.433
818,-335.246
819,-505.418
820,-335.553
821,-506.255
822,-498.666
823,-498.817
824,-498.746
825,-498.924
826,-498.911
827,-503.744
828,-498.776
829,-499.223
830,-1184.92
831,-1185.16
832,-1185.56
833,-1185
834,-1186.1
835,-1185.83
836,-1185.95
837,-1184.84
838,-1185.84
839,-1016.58
840,-1187.04
841,-1017.61
842,-1186.75
843,-1016.41
844,-1017.07
845,-1017.69
846,-1015.45
847,-1020.64
848,-851.137
849,-855.768
850,-851.453
851,-856.512
852,-849.985
853,-854.49
854,-849.71
855,-683.913
856,-850.518
857,-684.778
858,-679.605
859,0
860,-679.923
861,0
862,-679.528
863,0
864,-511.025
865,-511.21
866,-509.963
867,-509.607
868,-510.549
869,-510.543
870,0
871,-341.346
872,0
873,-341.602
874,0
875,-341.462
876,-341.894
877,-346.127
878,-341.81
879,-346.673
880,0
881,-174.303
882,0
883,-173.483
884,-182.142
885,-174.914
886,-172.634
887,-11.1486
888,-172.054
889,-10.1502
890,0
891,-6.2313
892,-4.3046
893,-6.2534
894,0
895,-5.80576
896,-1181.17
897,-1016.61
898,-1181.24
899,-1015.79
900,0
901,-851.008
902,0
903,-850.213
904,0
905,-849.558
906,-845.256
907,-680.551
908,-844.337
909,-679.978
910,-674.711
911,-674.548
912,-674.838
913,-674.933
914,-675.329
915,-675.65
916,0
917,-1016.49
918,0
919,-1016.29
920,0
921,-1016.2
922,0
923,-1016.08
924,-341.731
925,-513.136
926,-342.408
927,-513.038
928,-341.898
929,-512.559
930,-0.38529
931,-0.46435
932,-2.2626
933,-1.95365
934,-2.49165
935,-2.36414
936,2.96974
937,-2.89985
938,-10.405
939,-180.443
940,-11.8803
941,-182.335
942,-181.557
943,-181.664
944,-182.409
945,-182.381
946,-181.321
947,-180.734
948,-351.364
949,-521.634
950,-351.505
951,0
952,-681.777
953,-686.285
954,-681.887
955,-681.556
956,-681.397
957,-685.651
958,-686.431
959,-850.288
960,-686.629
961,-845.791
962,-847.273
963,-852.438
964,-849.048
965,-853.231
966,-848.834
967,-853.493
968,-1019.74
969,-1024.63
970,-1020.56
971,-1025.12
972,-1025.59
973,-1185.92
974,-1024.69
975,-1185.26
976,-1020.4
977,-1185.49
978,-1183.82
979,-1184.13
980,-1184.48
981,-1184.62
982,-1184.1
983,-1184.74
984,-2.22984
985,3.09771
986,-2.71285
987,3.02566
988,2.47416
989,3.19932
990,-2.29247
991,-166.886
992,-3.96378
993,-168.375
994,-167.395
995,-167.455
996,-167.147
997,-167.183
998,-167.117
999,-166.933
1000,0
1001,-339.811
1002,0
1003,-340.439
1004,-498.771
1005,-499.268
1006,-499.109
1007,-498.433
1008,-498.094
1009,-504.171
1010,-498.439
1011,-503.879
1012,-1185.24
1013,-1185.3
1014,-1185.32
1015,-1183.78
1016,-1186.33
1017,-1185.31
1018,-1185.81
1019,-1186.35
1020,-1187.78
1021,-1018.35
1022,-852.361
1023,-856.682
1024,-851.286
1025,-855.733
1026,-850.786
1027,-855.203
1028,-849.754
1029,-683.812
1030,-849.864
1031,-683.351
1032,-849.987
1033,-684.365
1034,-679.2
1035,0
1036,-683.954
1037,0
1038,-678.72
1039,0
1040,-510.615
1041,-510.066
1042,-510.494
1043,-510.578
1044,0
1045,-341.972
1046,0
1047,-341.79
1048,0
1049,-341.822
1050,0
1051,-341.388
1052,-342.629
1053,-347.315
1054,-346.64
1055,-346.489
1056,0
1057,-174.485
1058,0
1059,-174.392
1060,0
1061,-173.827
1062,-172.067
1063,-10.929
1064,-172.264
1065,-10.7452
1066,-172.271
1067,-10.8511
1068,0
1069,-5.53452
1070,0
1071,-5.8341
1072,-1181.01
1073,-1016.25
1074,-1180.69
1075,-1016.8
1076,-1180.49
1077,-1015.81
1078,0
1079,-849.459
1080,0
1081,-850.386
1082,0
1083,-851.957
1084,0
1085,-1015.7
1086,0
1087,-1016.17
1088,0
1089,-1017.01
1090,0
1091,-1016.71
1092,-341.588
1093,-512.073
1094,-340.668
1095,-512.632
1096,-341.33
1097,-512.785
1098,-341.012
1099,-512.613
1100,-3.08028
1101,-2.88247
1102,-182.259
1103,-182.295
1104,-182.051
1105,-181.698
1106,-182.032
1107,-181.963
1108,-351.549
1109,-522.452
1110,-351.797
1111,-522.409
1112,-350.989
1113,-521.676
1114,-681.361
1115,-685.247
1116,-681.598
1117,-686.311
1118,-686.568
1119,-850.908
1120,-686.817
1121,-851.694
1122,-687.084
1123,-851.135
1124,-848.613
1125,-853.142
1126,-849.965
1127,-854.422
1128,-848.626
1129,-853.605
1130,-1019.28
1131,-1019.25
1132,-1020.81
1133,-1021.06
1134,-1020.53
1135,-1186.16
1136,-1005.34
1137,-1185.71
1138,-1025.5
1139,-1186.84
1140,-1020.92
1141,-1185.71
1142,-1184.48
1143,-1183.86
1144,-1184.04
1145,-1184.13
1146,2.12933
1147,2.5792
1148,-2.50271
1149,2.65118
1150,2.52727
1151,3.47183
1152,-3.4961
1153,-168.098
1154,-3.63086
1155,-167.315
1156,-2.72602
1157,-166.198
1158,-168.097
1159,-168.401
1160,-168.701
1161,-168.172
1162,-169.087
1163,-168.585
1164,-834.504
1165,-838.996
1166,-850.968
1167,-685.699
1168,-850.833
1169,-683.566
1170,-850.217
1171,-684.354
1172,-848.843
1173,-683.499
1174,-679.798
1175,0
1176,-679.373
1177,0
1178,-679.018
1179,0
1180,-510.896
1181,-510.164
1182,-510.591
1183,0
1184,0
1185,-341.45
1186,0
1187,-342.393
1188,0
1189,-342.082
1190,0
1191,-343.066
1192,-342.066
1193,-347.477
1194,0
1195,-174.963
1196,0
1197,-174.283
1198,0
1199,-174.517
1200,-171.111
1201,-10.5185
1202,-172.839
1203,-11.6814
1204,-172.295
1205,-11.0461
1206,0
1207,-5.27483
1208,-5.4341
1209,-5.54013
1210,0
1211,-5.54701
1212,-1181.38
1213,-1012.05
1214,-1182.26
1215,-1017.35
1216,0
1217,-845.001
1218,0
1219,0
1220,-169.627
1221,-169.84
1222,-352.651
1223,-523.338
1224,-351.559
1225,-522.921
1226,-352.193
1227,-523.29
1228,-352.5
1229,-523.174
1230,-680.706
1231,-680.655
1232,-681.442
1233,-685.943
1234,-687.821
1235,-846.279
1236,-688.045
1237,-847.284
1238,-687.548
1239,-846.65
1240,-848.98
1241,-853.932
1242,-849.141
1243,-854.081
1244,-850.451
1245,-855.234
1246,-1021.09
1247,-1020.67
1248,-1025.61
1249,-1186.19
1250,-1019.84
1251,-1185.18
1252,-1020.35
1253,-1186.14
1254,-1020.21
1255,-1185.57
1256,-1183.31
1257,-1183.35
1258,-1183.74
1259,-1184.08
1260,2.69182
1261,3.90575
1262,1.44199
1263,2.24728
1264,2.00799
1265,2.33285
1266,-2.86809
1267,0
1268,-4.19168
1269,-168.411
1270,-3.87777
1271,-167.428
1272,-3.63113
1273,-167.942
1274,-154.748
1275,-154.371
1276,-850.733
1277,-684.87
1278,-851.575
1279,-684.86
1280,-679.281
1281,0
1282,-680.105
1283,0
1284,-680.079
1285,0
1286,-510.854
1287,-510.382
1288,-511.319
1289,0
1290,-511.12
1291,0
1292,0
1293,-341.775
1294,0
1295,-174.521
1296,-171.201
1297,-9.46985
1298,-172.754
1299,0
1300,-172.492
1301,0
1302,-5.03966
1303,-5.45704
1304,0
1305,-5.86355
1306,0
1307,-6.1777
1308,-1182.42
1309,-1017.64
1310,-1181.73
1311,-1017.12
1312,-352.109
1313,-522.428
1314,-351.67
1315,-522.73
1316,-681.771
1317,-681.064
1318,-681.5
1319,-685.476
1320,-681.986
1321,-686.476
1322,-686.6
1323,-845.772
1324,-687.847
1325,-851.653
1326,-687.269
1327,-846.733
1328,-848.906
1329,-854.394
1330,-1024.44
1331,-1185.32
1332,-1185.51
1333,-1185.54
1334,-1183.82
1335,-1184.6
1336,-1184.46
1337,-1184.67
1338,1.90446
1339,2.57869
1340,1.44147
1341,2.16394
1342,1.65629
1343,2.49804
1344,-4.35527
1345,-168.836
1346,-2.65745
1347,-166.93
1348,-332.684
1349,-337.789
1350,-333.654
1351,-338.864
1352,-335.097
1353,-505.15
1354,-1191.35
1355,-1017.79
1356,-1018.19
1357,-1018.1
1358,-1016.6
1359,-1016.63
1360,0
1361,0
1362,0
1363,-847.319
1364,-845.929
1365,-678.316
1366,-844.961
1367,-677.205
1368,-842.579
1369,-673.547
1370,-9.52671
1371,-174.616
1372,-9.69984
1373,-175.013
1374,-8.82816
1375,-174.11
1376,-9.59017
1377,-174.637
1378,-168.903
1379,-169.02
1380,-333.662
1381,-338.82
1382,-332.428
1383,-337.274
1384,-333.489
1385,-502.892
1386,-334.416
1387,-498.754
1388,-334.41
1389,-498.674
1390,-498.066
1391,-503.099
1392,-497.054
1393,-501.726
1394,-1191.28
1395,-1186.65
1396,-1191.68
1397,-1016.78
1398,0
1399,-1016.76
1400,-1191.82
1401,-1016.86
1402,-1017.3
1403,-1017.19
1404,-1016.85
1405,-1016.87
1406,-1016.49
1407,-1016.57
1408,0
1409,-846.483
1410,0
1411,-677.527
1412,-334.773
1413,-345.455
1414,-341.992
1415,-346.746
1416,-342.415
1417,-346.799
1418,0
1419,-847.818
1420,0
1421,-847.651
1422,0
1423,-847.828
1424,-842.456
1425,-678.296
1426,-842.681
1427,-678.707
1428,-673.031
1429,0
1430,-672.666
1431,0
1432,-673.255
1433,0
1434,-1184.42
1435,-1014.39
1436,-1183.87
1437,-1013.08
1438,-340.9
1439,-511.39
1440,-341.337
1441,-511.463
1442,-2.52523
1443,-2.22638
1444,-2.13227
1445,-1.99497
1446,-8.96409
1447,-174.964
1448,-9.21149
1449,-169.41
1450,-10.8738
1451,-175.83
1452,-183.289
1453,-162.681
1454,-186.983
1455,-186.209
1456,-1018.74
1457,-1018.86
1458,-1018.86
1459,-1018.69
1460,-1019.23
1461,-1019.13
1462,2.52557
1463,-172.337
1464,-167.85
1465,-167.787
1466,-332.787
1467,-337.613
1468,-332.103
1469,-336.946
1470,-333.053
1471,-337.892
1472,-333.23
1473,-503.009
1474,-334.212
1475,-503.856
1476,-334.58
1477,-503.339
1478,-502.657
1479,-502.752
1480,-502.918
1481,-503.052
1482,-1190.03
1483,-1185.18
1484,-1190.04
1485,-1184.65
1486,-1192.66
1487,-1018.11
1488,-1192.3
1489,-1017.67
1490,-1191.96
1491,-1022.2
1492,-1016.49
1493,-1016.54
1494,-1016.6
1495,-1017.34
1496,-1016.81
1497,-1017.04
1498,0
1499,-847.683
1500,0
1501,-848.151
1502,0
1503,-676.26
1504,0
1505,-676.984
1506,-676.356
1507,0
1508,-676.041
1509,0
1510,-516.566
1511,-510.984
1512,-515.509
1513,-510.905
1514,-512.581
1515,-343.048
1516,-510.826
1517,-341.386
1518,-341.491
1519,-345.728
1520,-341.715
1521,-346.216
1522,-340.326
1523,-344.802
1524,-172.722
1525,0
1526,-174.616
1527,0
1528,0
1529,0
1530,0
1531,0
1532,-6.09437
1533,-11.4178
1534,-5.36754
1535,-10.5664
1536,0
1537,-1009.57
1538,0
1539,-1013.73
1540,0
1541,-847.47
1542,0
1543,-847.556
1544,-841.714
1545,-676.994
1546,-843.442
1547,-678.93
1548,-842.817
1549,-678.424
1550,-671.311
1551,0
1552,-672.543
1553,0
1554,-673.169
1555,0
1556,-1184.21
1557,-1014.33
1558,-1182.85
1559,-1013.49
1560,-346.231
1561,-515.959
1562,-345.887
1563,-516.432
1564,-2.61108
1565,-2.96957
1566,-2.49506
1567,-2.415
1568,-2.55343
1569,-7.42368
1570,-10.4539
1571,-175.858
1572,-11.606
1573,-177.054
1574,-13.2621
1575,-178.992
1576,-184.324
1577,-184.577
1578,-185.824
1579,-186.493
1580,-349.262
1581,-524.424
1582,-350.324
1583,-520.298
1584,-681.831
1585,-681.552
1586,-683.009
1587,-681.945
1588,-682.709
1589,-847.456
1590,-683.405
1591,-847.878
1592,-849.508
1593,-849.756
1594,-849.445
1595,-849.701
1596,-1018.62
1597,-1018.49
1598,-1017.53
1599,-1017.68
1600,-1018.15
1601,-1018.05
1602,-1023.97
1603,-1189.01
1604,-1020.01
1605,-1189.88
1606,-1184.77
1607,-1189.38
1608,-1184.45
1609,-1189.73
1610,-2.51245
1611,3.15874
1612,-1.52033
1613,-0.78355
1614,2.64441
1615,-167.163
1616,2.94038
1617,-171.16
1618,-172.506
1619,-167.802
1620,-166.741
1621,-167.01
1622,-332.868
1623,-337.619
1624,-333.254
1625,-338.305
1626,-333.224
1627,-338.076
1628,-334.036
1629,-499.379
1630,-333.715
1631,-504.152
1632,-333.547
1633,-503.226
1634,-502.672
1635,-503.197
1636,-498.557
1637,-503.593
1638,-1189.9
1639,-1185.81
1640,-1190.27
1641,-1185.15
1642,-1190.89
1643,-1185.69
1644,-1190.69
1645,-1016.34
1646,-1191.11
1647,-1016.23
1648,-1192.34
1649,-1017.66
1650,-1017.21
1651,-1017.5
1652,-1017.49
1653,-1017.49
1654,-1016.32
1655,-1016.53
1656,0
1657,-847.919
1658,0
1659,-848.733
1660,0
1661,-847.387
1662,0
1663,-676.308
1664,-851.928
1665,-676.808
1666,-679.811
1667,0
1668,-674.643
1669,0
1670,-515.903
1671,-510.632
1672,-515.84
1673,-510.335
1674,-511.093
1675,-341.354
1676,-511.383
1677,-341.437
1678,-345.622
1679,-345.189
1680,-341.925
1681,-346.221
1682,-341.225
1683,-346.004
1684,-174.092
1685,0
1686,-175.252
1687,0
1688,0
1689,0
1690,0
1691,0
1692,-5.1701
1693,-9.83004
1694,-5.6909
1695,-11.6697
1696,0
1697,-1008.55
1698,0
1699,-1009.82
1700,0
1701,-1014.35
1702,0
1703,-849.081
1704,0
1705,-847.321
1706,-842.427
1707,-678.238
1708,-842.719
1709,-673.378
1710,-842.428
1711,-678.407
1712,-673.427
1713,0
1714,-672.241
1715,0
1716,-673.353
1717,0
1718,-1184.54
1719,-1014.35
1720,-1184.78
1721,-1014.73
1722,-346.142
1723,-516.038
1724,-341.621
1725,-511.568
1726,-341.337
1727,-511.599
1728,-2.2756
1729,-2.03271
1730,-3.36521
1731,-2.95146
1732,-3.43343
1733,-3.30236
1734,-10.3589
1735,-175.674
1736,-11.5155
1737,-177.337
1738,-13.9961
1739,-179.133
1740,-186.622
1741,-186.229
1742,-185.924
1743,-186.197
1744,-187.445
1745,-187.783
1746,-350.469
1747,-525.581
1748,-349.654
1749,-519.8
1750,-687.036
1751,-681.518
1752,-681.902
1753,-681.337
1754,-683.033
1755,-847.422
1756,-847.384
1757,0
1758,-849.768
1759,-850.628
1760,-848.629
1761,-848.308
1762,-1018.87
1763,-1018.37
1764,-1018.59
1765,-1018.53
1766,-1017.73
1767,-1017.5
1768,-1019.3
1769,-1189.29
1770,-1019.18
1771,-1189.37
1772,-1182.9
1773,-1187.67
1774,-1183.43
1775,-1188.4
1776,-1.3732
1777,4.28489
1778,-1.00757
1779,-0.32558
1780,4.00763
1781,-165.541
1782,4.29308
1783,-165.112
1784,-171.328
1785,-166.922
1786,-172.143
1787,-167.247
1788,-167.895
1789,-167.71
1790,-333.093
1791,-337.935
1792,-332.623
1793,-337.685
1794,-332.589
1795,-337.675
1796,-333.465
1797,-498.041
1798,-332.791
1799,-498.121
1800,-334.427
1801,-504.192
1802,-503.209
1803,-503.258
1804,-502.985
1805,-503.637
1806,-504.55
1807,-503.819
1808,-1172.91
1809,-1184.92
1810,-1191.01
1811,-1185.48
1812,-1190.79
1813,-1185.94
1814,-1192.67
1815,-1017.98
1816,-1193.59
1817,-1018.77
1818,-1192.07
1819,-1017.17
1820,-1017.66
1821,-1017.79
1822,-1017.93
1823,-1018.12
1824,-1017.58
1825,-1017.67
1826,0
1827,-847.996
1828,0
1829,-847.617
1830,0
1831,-848.412
1832,0
1833,-677.013
1834,-852.232
1835,-676.69
1836,-677.436
1837,0
1838,-675.455
1839,0
1840,-514.992
1841,-509.852
1842,-516.106
1843,-510.729
1844,-515.383
1845,-510.494
1846,-511.904
1847,-342.576
1848,-512.876
1849,-343.272
1850,-342.509
1851,-346.802
1852,-340.944
1853,-345.264
1854,-341.974
1855,-347.107
1856,-176.211
1857,0
1858,-174.655
1859,0
1860,-172.577
1861,0
1862,0
1863,0
1864,-5.93562
1865,-11.2215
1866,-7.10155
1867,-12.374
1868,0
1869,-1009.18
1870,0
1871,-1009.8
1872,0
1873,-1010.64
1874,0
1875,-847.51
1876,0
1877,-848.555
1878,-842.593
1879,-678.414
1880,-846.69
1881,-679.011
1882,-842.386
1883,-678.258
1884,-843.878
1885,-674.661
1886,-673.413
1887,0
1888,-673.048
1889,0
1890,-671.96
1891,0
1892,-672.978
1893,0
1894,-1184.85
1895,-1015.26
1896,-1185.38
1897,-1015.23
1898,-342.531
1899,-512.897
1900,-342.164
1901,-512.331
1902,-342.379
1903,-512.204
1904,-3.16276
1905,-2.8158
1906,-3.94954
1907,-3.43103
1908,-3.49726
1909,-3.06765
1910,-10.5013
1911,-175.638
1912,-12.093
1913,-182.593
1914,-15.4778
1915,-181.165
1916,-187.351
1917,-187.65
1918,-186.67
1919,-187.035
1920,-186.312
1921,-186.836
1922,-349.667
1923,-524.482
1924,-350.743
1925,-520.569
1926,-688.807
1927,-682.947
1928,-686.892
1929,-681.084
1930,-688.319
1931,-682.62
1932,-682.092
1933,-846.071
1934,-681.664
1935,-846.438
1936,-849.574
1937,-849.712
1938,-849.314
1939,-849.305
1940,-1018.01
1941,-1018
1942,-1018.47
1943,-1018.21
1944,-1018.5
1945,-1018.76
1946,-1024.88
1947,-1190.44
1948,-1020.48
1949,-1190.35
1950,-1182.25
1951,-1187.8
1952,-1183.42
1953,-1188.2
1954,0
1955,-1188.4
1956,-0.99467
1957,4.03458
1958,-0.81419
1959,0.19189
1960,3.37434
1961,-166.179
1962,3.79999
1963,-165.037
1964,-172.074
1965,-166.88
1966,-167.453
1967,-167.39
1968,-172.621
1969,-167.461
1970,-332.427
1971,-336.932
1972,-333.244
1973,-338.529
1974,-331.674
1975,-336.859
1976,-332.723
1977,-502.581
1978,-334.065
1979,-503.31
1980,-333.379
1981,-503.007
1982,-332.527
1983,-502.838
1984,-498.23
1985,-504.045
1986,-498.85
1987,-503.669
1988,-498.306
1989,-502.952
1990,-1190.78
1991,-1185.87
1992,-1191.25
1993,-1186.37
1994,-1190.9
1995,-1186.14
1996,-1192.22
1997,-1017.43
1998,-1193.67
1999,-1018.57
2000,-1192.54
2001,-1017.46
2002,-1017.59
2003,-1018.06
2004,-1016.49
2005,-1016.6
2006,-1017.24
2007,-1017.29
2008,-1017.2
2009,-1017.34
2010,0
2011,-847.191
2012,0
2013,-847.25
2014,0
2015,-847.542
2016,-847.027
2017,-676.312
2018,-851.813
2019,-676.016
2020,-675.26
2021,0
2022,-677.544
2023,0
2024,-515.121
2025,-510.776
2026,0
2027,-511.124
2028,0
2029,-511.204
2030,-511.452
2031,-341.952
2032,-511.814
2033,-342.394
2034,-341.994
2035,-346.663
2036,-342.74
2037,-347.03
2038,-343.12
2039,-347.45
2040,-174.423
2041,0
2042,0
2043,0
2044,-171.565
2045,0
2046,-171.482
2047,0
2048,-4.35137
2049,-9.47359
2050,-7.95905
2051,-11.8411
2052,-6.64425
2053,-12.4709
2054,0
2055,-1009.14
2056,0
2057,-1011.18
2058,0
2059,-1009.98
2060,0
2061,-848.683
2062,0
2063,-848.5
2064,-846.847
2065,-679.499
2066,-842.984
2067,-678.971
2068,-843.502
2069,-674.241
2070,-667.808
2071,0
2072,-673.634
2073,0
2074,-672.32
2075,0
2076,-672.981
2077,0
2078,-1185.4
2079,-1015.31
2080,-1186.03
2081,-1015.97
2082,-1186.69
2083,-1016.54
2084,-1185.15
2085,0
2086,-347.136
2087,-517.325
2088,-347.739
2089,-517.891
2090,-344.076
2091,-513.948
2092,-3.99221
2093,-4.3148
2094,-4.02281
2095,-3.885
2096,-3.68153
2097,-3.51698
2098,-4.97281
2099,-3.99253
2100,-15.3463
2101,-181.322
2102,-15.5386
2103,-181.432
2104,-186.475
2105,-186.968
2106,-187.797
2107,-188.055
2108,-186.74
2109,-186.743
2110,-351.059
2111,-521.54
2112,-350.565
2113,-525.284
2114,-350.009
2115,-524.744
2116,-683.308
2117,-682.399
2118,-682.413
2119,-681.657
2120,-687.389
2121,-681.862
2122,-682.469
2123,-846.534
2124,-682.589
2125,-847.201
2126,-849.086
2127,-849.35
2128,-848.546
2129,-849.142
2130,-1019.78
2131,-1019.22
2132,-1019.02
2133,-1018.01
2134,-1019.03
2135,-1018.62
2136,-1019.73
2137,-1189.75
2138,-1018.31
2139,-1188.17
2140,-1183.27
2141,-1188.65
2142,-1183.36
2143,-1188.67
2144,-1183.77
2145,-1188.11
2146,-0.3057
2147,4.76647
2148,-1.53664
2149,4.32062
2150,3.59692
2151,-165.733
2152,4.20103
2153,-164.985
2154,-166.401
2155,-166.601
2156,-168.542
2157,-168.499
2158,-168.409
2159,-168.317
2160,0
2161,-337.404
2162,-332.052
2163,-337.018
2164,-333
2165,-498.259
2166,-333.233
2167,-498.375
2168,-332.649
2169,-502.51
2170,-502.275
2171,-502.422
2172,-502.437
2173,-501.78
2174,-502.638
2175,-502.548
2176,-497.929
2177,-502.42
2178,-1190.27
2179,-1185.12
2180,-1190.28
2181,-1185.08
2182,-1191.88
2183,-1187.05
2184,-1191.11
2185,-1185.36
2186,-1191.5
2187,-1021.33
2188,-1192.58
2189,-1017.22
2190,-1190.93
2191,-1015.69
2192,-1017.62
2193,-1017.9
2194,-1016.15
2195,-1016.07
2196,0
2197,-847.801
2198,0
2199,-848.083
2200,0
2201,-847.416
2202,-847.776
2203,-677.035
2204,-848.05
2205,-677.766
2206,-675.55
2207,0
2208,-676.417
2209,0
2210,-677.107
2211,0
2212,-514.922
2213,-510.001
2214,-514.48
2215,-510.487
2216,-518.026
2217,-511.306
2218,-512.659
2219,-344.04
2220,-512.28
2221,-342.814
2222,-511.964
2223,-342.594
2224,-342.815
2225,-346.742
2226,-343.372
2227,-347.578
2228,0
2229,0
2230,-175.19
2231,0
2232,-175.518
2233,0
2234,-172.8
2235,0
2236,-172.775
2237,0
2238,-6.391
2239,-11.2324
2240,-6.48763
2241,-11.9237
2242,-6.78168
2243,-11.1184
2244,0
2245,-1009.99
2246,0
2247,-1015.5
2248,0
2249,-848.207
2250,0
2251,-848.691
2252,0
2253,-848.371
2254,-843.388
2255,0
2256,-842.691
2257,-678.342
2258,-673.068
2259,0
2260,-673.125
2261,0
2262,-673.424
2263,0
2264,-1184.2
2265,-1014.82
2266,-1183.62
2267,-1014.41
2268,-1185.43
2269,-1015.17
2270,-1185.73
2271,-1016.15
2272,-342.291
2273,-512.686
2274,-343.08
2275,-513.176
2276,-347.54
2277,-513.072
2278,-3.22353
2279,-3.16106
2280,-3.7749
2281,-3.9066
2282,-3.06516
2283,-2.77811
2284,-4.84708
2285,-4.76286
2286,-14.2922
2287,-179.253
2288,-16.2896
2289,-181.836
2290,-188.092
2291,-188.625
2292,-188.519
2293,-189.185
2294,-187.777
2295,-187.844
2296,-350.66
2297,-526.04
2298,-351.052
2299,-526.146
2300,-689.135
2301,-683.61
2302,-684.407
2303,-684.004
2304,-688.759
2305,-683.417
2306,-683.103
2307,-847.559
2308,-683.103
2309,-846.804
2310,-849.198
2311,-849.383
2312,-850.177
2313,-850.084
2314,-849.782
2315,-849.936
2316,-1018.56
2317,-1018.56
2318,-1019.59
2319,-1019.21
2320,-1021.18
2321,-1190.73
2322,-1024.52
2323,-1189.72
2324,-1019.12
2325,-1184.38
2326,-1183.47
2327,-1188.4
2328,-1184.32
2329,-1188.96
2330,-1184.7
2331,-1189.59
2332,0
2333,-1.76289
2334,-1.50554
2335,-0.14966
2336,-0.75569
2337,5.43567
2338,2.64852
2339,-167.076
2340,3.06579
2341,-171.311
2342,-166.098
2343,-166.212
2344,-172.913
2345,-167.813
2346,-171.853
2347,-166.713
2348,-333.136
2349,-338.28
2350,-332.529
2351,-337.441
2352,-502.737
2353,-503.284
2354,-502.377
2355,-502.629
2356,-502.772
2357,-502.326
2358,-497.803
2359,-503.573
2360,-1189.35
2361,-1184.08
2362,-1191.59
2363,-1186.06
2364,-1189.92
2365,-1184.58
2366,-1190.77
2367,-1185.2
2368,-1191.88
2369,-1017.1
2370,0
2371,-846.884
2372,0
2373,-848.273
2374,0
2375,-847.802
2376,-851.8
2377,-676.466
2378,-851.656
2379,-675.988
2380,-852.211
2381,-676.582
2382,-676.167
2383,0
2384,-680.575
2385,0
2386,-675.676
2387,0
2388,-517.037
2389,-510.154
2390,-517.506
2391,-510.639
2392,-511.992
2393,-342.427
2394,-511.406
2395,-342.134
2396,-510.635
2397,-341.418
2398,-512.361
2399,-343.038
2400,-343.407
2401,-348.003
2402,-347.265
2403,-347.097
2404,-175.273
2405,0
2406,-175.559
2407,0
2408,-175.463
2409,0
2410,-173.432
2411,0
2412,-172.589
2413,0
2414,-173.212
2415,0
2416,-5.75122
2417,-10.8909
2418,-4.95295
2419,-11.6988
2420,0
2421,-1009.74
2422,0
2423,-1010.85
2424,0
2425,-1014.56
2426,0
2427,-848.413
2428,0
2429,-848.026
2430,0
2431,-848.833
2432,-1185.35
2433,-1014.95
2434,-1183.99
2435,-1013.46
2436,-1185.12
2437,-1014.56
2438,-1185.41
2439,-1015.08
2440,-342.628
2441,-512.708
2442,-342.084
2443,-509.939
2444,-342.631
2445,-512.809
2446,-346.292
2447,-516.545
2448,-3.27528
2449,-3.26054
2450,-188.458
2451,-189.128
2452,-187.037
2453,-187.537
2454,-188.756
2455,-189.094
2456,-351.507
2457,-526.322
2458,0
2459,-526.431
2460,-351.93
2461,-526.354
2462,-686.948
2463,-681.682
2464,-687.812
2465,-682.08
2466,-683.007
2467,-847.197
2468,-683.302
2469,-847.969
2470,-683.536
2471,-847.728
2472,-850.367
2473,-850.394
2474,-850.324
2475,-850.697
2476,-849.802
2477,-849.94
2478,-1019.3
2479,-1019.29
2480,-1019.34
2481,-1019.49
2482,-1019.84
2483,-1190.61
2484,-1020.33
2485,-1190.36
2486,-1020.02
2487,-1190.09
2488,-1020.65
2489,-1190.63
2490,-1184.47
2491,-1189.15
2492,-1183.55
2493,-1188.21
2494,-2.32556
2495,3.62927
2496,-1.76712
2497,-1.39389
2498,-1.97496
2499,4.24631
2500,3.36835
2501,-166.107
2502,0.39772
2503,-169
2504,3.92854
2505,-165.473
2506,-172.763
2507,-167.699
2508,-167.319
2509,-166.972
2510,-167.897
2511,-167.589
2512,0
2513,-847.678
2514,-847.468
2515,-677.355
2516,-851.861
2517,-676.062
2518,-852.679
2519,-677.025
2520,-851.888
2521,-676.157
2522,-675.262
2523,0
2524,-675.688
2525,0
2526,-676.17
2527,0
2528,-517.023
2529,-510.016
2530,-515.163
2531,-510.559
2532,-512.745
2533,-343.411
2534,-512.558
2535,-343.286
2536,-511.923
2537,-342.521
2538,-511.516
2539,-343.428
2540,-342.848
2541,-347.019
2542,-175.364
2543,0
2544,0
2545,0
2546,-175.666
2547,0
2548,0
2549,0
2550,-173.532
2551,0
2552,-171.327
2553,0
2554,-5.26448
2555,-11.0096
2556,-6.02318
2557,-11.9703
2558,-6.21383
2559,-11.6935
2560,0
2561,-1010.01
2562,0
2563,-1011.45
2564,0
2565,0
2566,0
2567,-847.864
2568,-188.729
2569,-188.754
2570,-351.756
2571,-526.966
2572,-351.458
2573,-526.955
2574,-352.519
2575,-527.426
2576,-351.955
2577,-521.966
2578,-682.797
2579,-681.954
2580,-683.985
2581,-683.609
2582,-683.488
2583,-847.347
2584,-684.131
2585,-848.542
2586,-684.05
2587,-848.293
2588,-850.601
2589,-851.242
2590,-849.736
2591,-849.909
2592,-850.686
2593,-850.984
2594,-1019.85
2595,-1019.47
2596,-1020.04
2597,-1190.13
2598,-1019.1
2599,-1184.31
2600,-1019.62
2601,-1189.89
2602,-1020.25
2603,-1189.62
2604,-1182.52
2605,-1188.08
2606,-1183.49
2607,-1188.86
2608,-1.29318
2609,5.64463
2610,-2.88145
2611,3.18854
2612,-1.85554
2613,3.49737
2614,3.09715
2615,-166.228
2616,1.86586
2617,-167.539
2618,2.65727
2619,-166.38
2620,2.35664
2621,-166.902
2622,-167.455
2623,-166.768
2624,-847.194
2625,-676.707
2626,0
2627,-676.703
2628,-675.749
2629,0
2630,-677.352
2631,0
2632,-677.491
2633,0
2634,0
2635,-510.866
2636,0
2637,-510.929
2638,0
2639,-511.262
2640,-511.922
2641,-342.36
2642,0
2643,0
2644,0
2645,0
2646,0
2647,0
2648,-173.005
2649,0
2650,-5.64918
2651,-11.6456
2652,-6.19623
2653,-11.3549
2654,-5.29685
2655,-11.0919
2656,0
2657,-1010.32
2658,0
2659,-1010.74
2660,-350.765
2661,-525.538
2662,-352.6
2663,-527.411
2664,-688.739
2665,-683.259
2666,-687.656
2667,-682.09
2668,-684.319
2669,-683.449
2670,-683.108
2671,-847.418
2672,-683.846
2673,-848.548
2674,-683.945
2675,-848.577
2676,-850.219
2677,-850.93
2678,-1024.43
2679,-1189.91
2680,-1183.98
2681,-1189.41
2682,-1181.91
2683,-1187.31
2684,-1182.43
2685,-1188.89
2686,-1.95332
2687,3.48019
2688,-1.70922
2689,4.38951
2690,-1.98887
2691,3.66888
2692,2.91827
2693,-171.669
2694,3.97388
2695,-165.585
2696,0
2697,0
2698,0
2699,0
2700,0
2701,0
2702,0
2703,0
2704,0
2705,0
2706,0
2707,0
2708,0
2709,0
2710,0
2711,0
2712,0
2713,0
2714,0
2715,0
2716,0
2717,0
2718,0
2719,0
